BOARD:
=========================================================
[0, 0, 0, 0, 0, 0, 0, 0, 0, 0, 0, 0, 0, 0, 0, 0, 0, 0, 0]
[0, 0, 0, 0, 0, 0, 0, 0, 0, 0, 0, 0, 0, 0, 0, 0, 0, 0, 0]
[0, 0, 0, 1, 1, 1, 0, 0, 0, 0, 0, 0, 0, 0, 1, 1, 1, 0, 0]
[0, 0, 0, 1, 10, 1, 0, 0, 0, 0, 0, 0, 0, 0, 1, 6, 1, 0, 0]
[0, 0, 0, 1, 1, 1, 0, 0, 0, 1, 1, 1, 1, 1, 1, 1, 1, 0, 0]
[0, 0, 0, 1, 1, 1, 0, 0, 0, 1, 2, 1, 0, 0, 1, 1, 7, 0, 0]
[0, 0, 1, 0, 0, 0, 1, 0, 0, 1, 1, 1, 0, 0, 0, 0, 1, 0, 0]
[0, 0, 11, 0, 0, 0, 1, 0, 0, 5, 5, 5, 0, 0, 0, 0, 1, 0, 0]
[0, 0, 1, 0, 0, 1, 1, 1, 5, 5, 5, 5, 5, 1, 1, 1, 1, 0, 0]
[0, 0, 0, 0, 0, 1, 1, 1, 5, 5, 5, 5, 5, 1, 8, 1, 0, 0, 0]
[0, 0, 0, 0, 0, 1, 1, 1, 5, 5, 5, 5, 5, 1, 1, 1, 0, 0, 0]
[0, 0, 0, 0, 0, 1, 1, 1, 1, 1, 0, 0, 0, 0, 0, 0, 0, 0, 0]
[0, 0, 0, 0, 0, 0, 0, 0, 0, 0, 0, 0, 0, 0, 0, 0, 0, 0, 0]
[0, 0, 0, 0, 0, 0, 0, 0, 0, 0, 0, 0, 0, 0, 0, 0, 0, 0, 0]
=========================================================
- START: (9, 6), (9, 6)
- RIGHT: (9, 7), (9, 8)
- DOWN: (10, 7), (10, 8)
- DOWN: (11, 7), (11, 8)
- RIGHT: (11, 9), (11, 9)
- UP: (10, 9), (9, 9)
- RIGHT: (10, 10), (9, 10)
- RIGHT: (10, 11), (9, 11)
- RIGHT: (10, 12), (9, 12)
- RIGHT: (10, 13), (9, 13)
- RIGHT: (10, 14), (9, 14)
- UP: (8, 14), (8, 14)
- LEFT: (8, 13), (8, 12)
- DOWN: (9, 13), (9, 12)
- RIGHT: (4, 4), (9, 14)
- CUBE 2 UP: (4, 4), (8, 14)
- CUBE 2 LEFT: (4, 4), (8, 13)
- CUBE 2 LEFT: (4, 4), (8, 12)
- CUBE 2 LEFT: (4, 4), (8, 11)
- CUBE 2 UP: (4, 4), (7, 11)
- CUBE 2 UP: (4, 4), (6, 11)
- CUBE 2 UP: (4, 4), (5, 11)
- CUBE 2 UP: (4, 4), (4, 11)
- CUBE 2 RIGHT: (4, 4), (4, 12)
- CUBE 2 RIGHT: (4, 4), (4, 13)
- CUBE 2 RIGHT: (4, 4), (4, 14)
- CUBE 2 UP: (4, 4), (3, 14)
- CUBE 2 RIGHT: (4, 4), (3, 15)
- CUBE 2 DOWN: (4, 4), (4, 15)
- CUBE 2 LEFT: (4, 4), (4, 14)
- CUBE 2 LEFT: (4, 4), (4, 13)
- CUBE 2 LEFT: (4, 4), (4, 12)
- CUBE 2 LEFT: (4, 4), (4, 11)
- CUBE 2 DOWN: (4, 4), (5, 11)
- CUBE 2 DOWN: (4, 4), (6, 11)
- CUBE 2 DOWN: (4, 4), (7, 11)
- CUBE 2 DOWN: (4, 4), (8, 11)
- CUBE 2 LEFT: (4, 4), (8, 10)
- CUBE 2 LEFT: (4, 4), (8, 9)
- CUBE 2 LEFT: (4, 4), (8, 8)
- CUBE 2 LEFT: (4, 4), (8, 7)
- CUBE 2 LEFT: (4, 4), (8, 6)
- CUBE 2 LEFT: (4, 4), (8, 5)
- CUBE 2 LEFT: (4, 4), (8, 4)
- CUBE 2 LEFT: (4, 4), (8, 3)
- CUBE 2 LEFT: (4, 4), (8, 2)
- CUBE 2 UP: (4, 4), (7, 2)
- CUBE 2 UP: (4, 4), (6, 2)
- CUBE 2 UP: (4, 4), (5, 2)
- CUBE 2 RIGHT: (4, 4), (5, 3)
- CUBE 2 RIGHT: (4, 4), (5, 4)
- UP: (3, 4), (3, 4)
- DOWN: (4, 4), (5, 4)
- LEFT: (4, 3), (5, 3)
- UP: (3, 3), (3, 3)
- RIGHT: (3, 4), (3, 5)
- DOWN: (4, 4), (4, 5)
- DOWN: (5, 4), (5, 5)
- RIGHT: (5, 6), (5, 6)
- DOWN: (6, 6), (7, 6)
- DOWN: (8, 6), (8, 6)
- DOWN: (9, 6), (10, 6)
- RIGHT: (9, 7), (10, 7)
- RIGHT: (9, 8), (10, 8)
- DOWN: (11, 8), (11, 8)
- RIGHT: (11, 9), (11, 10)
- UP: (10, 9), (10, 10)
- UP: (9, 9), (9, 10)
- UP: (8, 9), (8, 10)
- UP: (7, 9), (7, 10)
- UP: (6, 9), (6, 10)
- UP: (5, 9), (5, 10)
- RIGHT: (5, 11), (5, 11)
- DOWN: (6, 11), (7, 11)
- LEFT: (6, 10), (7, 10)
- UP: (5, 10), (5, 10)
--> GOAL: (5, 10), (5, 10)
Time: 11.294 s
Memory: 40.0 MB