BOARD:
=========================================================
[0, 0, 0, 0, 0, 0, 0, 0, 0, 0, 0, 0, 0, 0, 0, 0, 0, 0, 0]
[0, 0, 0, 0, 0, 0, 0, 0, 0, 0, 0, 0, 0, 0, 0, 0, 0, 0, 0]
[0, 0, 0, 0, 0, 0, 0, 0, 0, 6, 0, 0, 0, 0, 0, 0, 0, 0, 0]
[0, 0, 1, 1, 7, 1, 0, 0, 0, 1, 0, 0, 0, 0, 0, 0, 0, 0, 0]
[0, 0, 1, 1, 1, 1, 1, 0, 0, 1, 0, 0, 0, 0, 0, 0, 0, 0, 0]
[0, 0, 1, 7, 1, 1, 1, 1, 1, 1, 0, 0, 1, 1, 0, 0, 1, 0, 0]
[0, 0, 1, 1, 1, 1, 1, 0, 0, 0, 1, 0, 0, 0, 1, 0, 0, 0, 0]
[0, 0, 1, 1, 7, 1, 0, 0, 0, 0, 1, 0, 0, 0, 1, 0, 0, 0, 0]
[0, 0, 1, 0, 0, 0, 0, 0, 0, 0, 6, 0, 0, 1, 1, 1, 0, 0, 0]
[0, 0, 1, 0, 0, 0, 0, 0, 0, 0, 0, 0, 1, 1, 2, 1, 0, 0, 0]
[0, 0, 1, 0, 0, 3, 0, 0, 0, 0, 0, 0, 1, 1, 1, 1, 0, 0, 0]
[0, 0, 0, 0, 0, 0, 0, 0, 0, 0, 0, 0, 0, 0, 0, 0, 0, 0, 0]
[0, 0, 0, 0, 0, 0, 0, 0, 0, 0, 0, 0, 0, 0, 0, 0, 0, 0, 0]
=========================================================
- START: (5, 4), (5, 4)
- UP: (4, 4), (3, 4)
- LEFT: (4, 3), (3, 3)
- DOWN: (5, 3), (5, 3)
- RIGHT: (5, 4), (5, 5)
- RIGHT: (5, 6), (5, 6)
- RIGHT: (5, 7), (5, 8)
- RIGHT: (5, 9), (5, 9)
- UP: (4, 9), (3, 9)
- UP: (2, 9), (2, 9)
- DOWN: (3, 9), (4, 9)
- DOWN: (5, 9), (5, 9)
- LEFT: (5, 8), (5, 7)
- LEFT: (5, 6), (5, 6)
- LEFT: (5, 5), (5, 4)
- UP: (4, 5), (4, 4)
- RIGHT: (4, 6), (4, 6)
- DOWN: (5, 6), (6, 6)
- LEFT: (5, 5), (6, 5)
- LEFT: (5, 4), (6, 4)
- UP: (4, 4), (4, 4)
- RIGHT: (4, 5), (4, 6)
- DOWN: (5, 5), (5, 6)
- RIGHT: (5, 7), (5, 7)
- RIGHT: (5, 8), (5, 9)
- RIGHT: (5, 10), (5, 10)
- DOWN: (6, 10), (7, 10)
- DOWN: (8, 10), (8, 10)
- UP: (7, 10), (6, 10)
- UP: (5, 10), (5, 10)
- LEFT: (5, 9), (5, 8)
- LEFT: (5, 7), (5, 7)
- LEFT: (5, 6), (5, 5)
- UP: (4, 6), (4, 5)
- LEFT: (4, 4), (4, 4)
- DOWN: (5, 4), (6, 4)
- RIGHT: (5, 5), (6, 5)
- UP: (4, 5), (4, 5)
- LEFT: (4, 4), (4, 3)
- LEFT: (4, 2), (4, 2)
- DOWN: (5, 2), (6, 2)
- DOWN: (7, 2), (7, 2)
- DOWN: (8, 2), (9, 2)
- DOWN: (10, 2), (10, 2)
- RIGHT: (10, 3), (10, 4)
- RIGHT: (10, 5), (10, 5)
- LEFT: (10, 4), (10, 3)
- LEFT: (10, 2), (10, 2)
- UP: (9, 2), (8, 2)
- UP: (7, 2), (7, 2)
- UP: (6, 2), (5, 2)
- UP: (4, 2), (4, 2)
- RIGHT: (4, 3), (4, 4)
- RIGHT: (4, 5), (4, 5)
- DOWN: (5, 5), (6, 5)
- RIGHT: (5, 6), (6, 6)
- UP: (4, 6), (4, 6)
- LEFT: (4, 5), (4, 4)
- DOWN: (5, 5), (5, 4)
- DOWN: (6, 5), (6, 4)
- RIGHT: (6, 6), (6, 6)
- UP: (5, 6), (4, 6)
- LEFT: (5, 5), (4, 5)
- DOWN: (6, 5), (6, 5)
- RIGHT: (6, 6), (6, 7)
- UP: (5, 6), (5, 7)
- RIGHT: (5, 8), (5, 8)
- RIGHT: (5, 9), (5, 10)
- RIGHT: (5, 11), (5, 11)
- RIGHT: (5, 12), (5, 13)
- RIGHT: (5, 14), (5, 14)
- DOWN: (6, 14), (7, 14)
- DOWN: (8, 14), (8, 14)
- DOWN: (9, 14), (10, 14)
- RIGHT: (9, 15), (10, 15)
- UP: (8, 15), (8, 15)
- LEFT: (8, 14), (8, 13)
- DOWN: (9, 14), (9, 13)
- DOWN: (10, 14), (10, 13)
- RIGHT: (10, 15), (10, 15)
- UP: (9, 15), (8, 15)
- LEFT: (9, 14), (8, 14)
- DOWN: (10, 14), (10, 14)
- LEFT: (10, 13), (10, 12)
- UP: (9, 13), (9, 12)
- RIGHT: (9, 14), (9, 14)
--> GOAL: (9, 14), (9, 14)
Time: 0.6795 s
Memory: 32.18 MB