BOARD:
=========================================================
[0, 0, 0, 0, 0, 0, 0, 0, 0, 0, 0, 0, 0, 0, 0, 0, 0, 0, 0]
[0, 0, 0, 0, 0, 0, 0, 0, 0, 0, 0, 0, 0, 0, 0, 0, 0, 0, 0]
[0, 0, 0, 0, 0, 0, 0, 0, 0, 1, 1, 1, 0, 0, 1, 1, 1, 0, 0]
[0, 0, 0, 0, 0, 0, 1, 1, 1, 1, 1, 1, 0, 0, 3, 1, 1, 0, 0]
[0, 0, 1, 1, 0, 0, 1, 0, 0, 1, 1, 1, 0, 0, 1, 1, 1, 0, 0]
[0, 0, 1, 1, 1, 1, 1, 0, 0, 0, 4, 0, 0, 0, 0, 0, 0, 0, 0]
[0, 0, 1, 1, 0, 0, 0, 0, 0, 0, 0, 0, 0, 0, 0, 0, 0, 0, 0]
[0, 0, 0, 1, 0, 0, 0, 0, 0, 8, 0, 0, 0, 0, 0, 0, 0, 0, 0]
[0, 0, 0, 1, 0, 0, 0, 0, 0, 1, 0, 0, 0, 0, 0, 0, 0, 0, 0]
[0, 0, 1, 1, 1, 0, 0, 0, 1, 1, 1, 0, 0, 7, 1, 1, 0, 0, 0]
[0, 0, 1, 1, 1, 1, 1, 1, 1, 1, 1, 1, 1, 1, 2, 1, 0, 0, 0]
[0, 0, 1, 1, 1, 0, 0, 0, 1, 1, 1, 0, 0, 7, 1, 1, 0, 0, 0]
[0, 0, 0, 0, 0, 0, 0, 0, 0, 0, 0, 0, 0, 0, 0, 0, 0, 0, 0]
[0, 0, 0, 0, 0, 0, 0, 0, 0, 0, 0, 0, 0, 0, 0, 0, 0, 0, 0]
=========================================================
- START: (10, 3), (10, 3)
- RIGHT: (10, 4), (10, 5)
- RIGHT: (10, 6), (10, 6)
- RIGHT: (10, 7), (10, 8)
- RIGHT: (10, 9), (10, 9)
- UP: (9, 9), (8, 9)
- UP: (10, 3), (3, 15)
- CUBE 1 UP: (9, 3), (3, 15)
- CUBE 1 UP: (8, 3), (3, 15)
- CUBE 1 UP: (7, 3), (3, 15)
- CUBE 1 UP: (6, 3), (3, 15)
- CUBE 1 UP: (5, 3), (3, 15)
- CUBE 1 RIGHT: (5, 4), (3, 15)
- CUBE 1 RIGHT: (5, 5), (3, 15)
- CUBE 1 RIGHT: (5, 6), (3, 15)
- CUBE 1 UP: (4, 6), (3, 15)
- CUBE 1 UP: (3, 6), (3, 15)
- CUBE 1 RIGHT: (3, 7), (3, 15)
- CUBE 1 RIGHT: (3, 8), (3, 15)
- CUBE 1 RIGHT: (3, 9), (3, 15)
- CUBE 1 DOWN: (4, 9), (3, 15)
- CUBE 1 RIGHT: (4, 10), (3, 15)
- CUBE 1 DOWN: (5, 10), (3, 15)
- CUBE 1 UP: (4, 10), (3, 15)
- CUBE 2 LEFT: (4, 10), (3, 14)
- CUBE 2 LEFT: (4, 10), (3, 13)
- CUBE 2 LEFT: (4, 10), (3, 12)
- CUBE 2 LEFT: (4, 10), (3, 11)
- CUBE 1 DOWN: (5, 10), (3, 11)
- CUBE 1 UP: (4, 10), (3, 11)
- CUBE 1 LEFT: (4, 9), (3, 11)
- CUBE 1 UP: (3, 9), (3, 11)
- CUBE 1 LEFT: (3, 8), (3, 11)
- CUBE 1 LEFT: (3, 7), (3, 11)
- CUBE 1 LEFT: (3, 6), (3, 11)
- CUBE 1 DOWN: (4, 6), (3, 11)
- CUBE 2 LEFT: (4, 6), (3, 10)
- CUBE 2 LEFT: (4, 6), (3, 9)
- CUBE 2 LEFT: (4, 6), (3, 8)
- CUBE 2 LEFT: (4, 6), (3, 7)
- CUBE 2 LEFT: (4, 6), (3, 6)
- DOWN: (5, 6), (5, 6)
- LEFT: (5, 5), (5, 4)
- LEFT: (5, 3), (5, 3)
- DOWN: (6, 3), (7, 3)
- DOWN: (8, 3), (8, 3)
- DOWN: (9, 3), (10, 3)
- LEFT: (9, 2), (10, 2)
- DOWN: (11, 2), (11, 2)
- RIGHT: (11, 3), (11, 4)
- UP: (10, 3), (10, 4)
- RIGHT: (10, 5), (10, 5)
- RIGHT: (10, 6), (10, 7)
- RIGHT: (10, 8), (10, 8)
- RIGHT: (10, 9), (10, 10)
- RIGHT: (10, 11), (10, 11)
- RIGHT: (10, 12), (10, 13)
- RIGHT: (10, 14), (10, 14)
--> GOAL: (10, 14), (10, 14)
Time: 13.1955 s
Memory: 40.8 MB