BOARD:
======================================================
[0, 0, 0, 0, 0, 0, 0, 0, 0, 0, 0, 0, 0, 0, 0, 0, 0, 0]
[0, 0, 0, 0, 0, 0, 0, 0, 0, 0, 0, 0, 0, 0, 0, 0, 0, 0]
[0, 0, 0, 0, 0, 0, 0, 0, 0, 0, 1, 1, 1, 0, 0, 0, 0, 0]
[0, 0, 0, 0, 0, 1, 1, 1, 0, 0, 1, 1, 1, 0, 0, 0, 0, 0]
[0, 0, 1, 0, 0, 1, 1, 1, 1, 1, 1, 1, 1, 1, 1, 1, 0, 0]
[0, 0, 1, 0, 0, 1, 1, 1, 0, 0, 0, 0, 0, 0, 3, 1, 0, 0]
[0, 0, 1, 0, 0, 0, 0, 0, 0, 0, 0, 0, 0, 0, 1, 1, 0, 0]
[0, 0, 1, 0, 0, 0, 0, 0, 0, 0, 0, 0, 0, 0, 1, 1, 0, 0]
[0, 0, 1, 0, 0, 0, 0, 0, 0, 0, 1, 1, 1, 1, 1, 1, 0, 0]
[0, 0, 1, 1, 1, 1, 1, 0, 0, 0, 1, 1, 1, 0, 0, 0, 0, 0]
[0, 0, 0, 1, 1, 2, 1, 0, 0, 0, 1, 1, 1, 0, 0, 0, 0, 0]
[0, 0, 0, 0, 1, 1, 1, 0, 0, 0, 1, 1, 1, 1, 1, 3, 0, 0]
[0, 0, 0, 0, 0, 0, 0, 0, 0, 0, 0, 0, 0, 0, 0, 0, 0, 0]
[0, 0, 0, 0, 0, 0, 0, 0, 0, 0, 0, 0, 0, 0, 0, 0, 0, 0]
======================================================
- START: (4, 6), (4, 6)
- RIGHT: (4, 7), (4, 8)
- RIGHT: (4, 9), (4, 9)
- RIGHT: (4, 10), (4, 11)
- RIGHT: (4, 12), (4, 12)
- UP: (3, 12), (2, 12)
- LEFT: (3, 11), (2, 11)
- LEFT: (3, 10), (2, 10)
- DOWN: (4, 10), (4, 10)
- RIGHT: (4, 11), (4, 12)
- RIGHT: (4, 13), (4, 13)
- RIGHT: (4, 14), (4, 15)
- DOWN: (5, 14), (5, 15)
- DOWN: (6, 14), (6, 15)
- DOWN: (7, 14), (7, 15)
- DOWN: (8, 14), (8, 15)
- LEFT: (8, 13), (8, 13)
- LEFT: (8, 12), (8, 11)
- LEFT: (8, 10), (8, 10)
- DOWN: (9, 10), (10, 10)
- RIGHT: (9, 11), (10, 11)
- UP: (8, 11), (8, 11)
- RIGHT: (8, 12), (8, 13)
- RIGHT: (8, 14), (8, 14)
- UP: (7, 14), (6, 14)
- UP: (5, 14), (5, 14)
- DOWN: (6, 14), (7, 14)
- DOWN: (8, 14), (8, 14)
- LEFT: (8, 13), (8, 12)
- LEFT: (8, 11), (8, 11)
- DOWN: (9, 11), (10, 11)
- RIGHT: (9, 12), (10, 12)
- DOWN: (11, 12), (11, 12)
- RIGHT: (11, 13), (11, 14)
- RIGHT: (11, 15), (11, 15)
- LEFT: (11, 14), (11, 13)
- LEFT: (11, 12), (11, 12)
- UP: (10, 12), (9, 12)
- LEFT: (10, 11), (9, 11)
- LEFT: (10, 10), (9, 10)
- UP: (8, 10), (8, 10)
- RIGHT: (8, 11), (8, 12)
- RIGHT: (8, 13), (8, 13)
- RIGHT: (8, 14), (8, 15)
- UP: (7, 14), (7, 15)
- UP: (6, 14), (6, 15)
- UP: (5, 14), (5, 15)
- UP: (4, 14), (4, 15)
- LEFT: (4, 13), (4, 13)
- LEFT: (4, 12), (4, 11)
- LEFT: (4, 10), (4, 10)
- LEFT: (4, 9), (4, 8)
- LEFT: (4, 7), (4, 7)
- LEFT: (4, 6), (4, 5)
- UP: (3, 6), (3, 5)
- RIGHT: (3, 7), (3, 7)
- DOWN: (4, 7), (5, 7)
- LEFT: (4, 6), (5, 6)
- LEFT: (4, 5), (5, 5)
- LEFT: (4, 4), (5, 4)
- LEFT: (4, 3), (5, 3)
- LEFT: (4, 2), (5, 2)
- DOWN: (6, 2), (6, 2)
- DOWN: (7, 2), (8, 2)
- DOWN: (9, 2), (9, 2)
- RIGHT: (9, 3), (9, 4)
- DOWN: (10, 3), (10, 4)
- RIGHT: (10, 5), (10, 5)
--> GOAL: (10, 5), (10, 5)
Time: 0.4927 s
Memory: 31.86 MB