BOARD:
======================================================
[0, 0, 0, 0, 0, 0, 0, 0, 0, 0, 0, 0, 0, 0, 0, 0, 0, 0]
[0, 0, 0, 0, 0, 0, 0, 0, 0, 0, 0, 0, 0, 0, 0, 0, 0, 0]
[0, 0, 0, 0, 0, 0, 0, 0, 0, 0, 0, 0, 0, 0, 1, 3, 0, 0]
[0, 0, 0, 0, 1, 1, 1, 1, 1, 1, 0, 0, 0, 1, 1, 1, 0, 0]
[0, 0, 0, 1, 1, 1, 0, 0, 1, 1, 0, 0, 1, 3, 1, 1, 0, 0]
[0, 0, 0, 1, 2, 1, 0, 0, 0, 1, 1, 1, 1, 1, 0, 0, 0, 0]
[0, 0, 0, 1, 1, 1, 0, 0, 0, 0, 1, 1, 1, 0, 0, 0, 0, 0]
[0, 0, 0, 0, 0, 0, 0, 0, 0, 0, 0, 1, 1, 0, 0, 0, 0, 0]
[0, 0, 0, 0, 0, 0, 1, 1, 1, 0, 0, 1, 1, 0, 0, 0, 0, 0]
[0, 0, 1, 1, 0, 0, 1, 3, 1, 0, 0, 1, 1, 0, 0, 0, 0, 0]
[0, 0, 1, 1, 0, 0, 1, 1, 1, 1, 1, 1, 1, 0, 0, 0, 0, 0]
[0, 0, 0, 0, 0, 0, 0, 0, 0, 0, 0, 0, 0, 0, 0, 0, 0, 0]
[0, 0, 0, 0, 0, 0, 0, 0, 0, 0, 0, 0, 0, 0, 0, 0, 0, 0]
======================================================
- START: (8, 12), (8, 12)
- UP: (7, 12), (6, 12)
- UP: (5, 12), (5, 12)
- LEFT: (5, 11), (5, 10)
- DOWN: (6, 11), (6, 10)
- RIGHT: (6, 12), (6, 12)
- UP: (5, 12), (4, 12)
- RIGHT: (5, 13), (4, 13)
- UP: (3, 13), (3, 13)
- RIGHT: (3, 14), (3, 15)
- DOWN: (4, 14), (4, 15)
- LEFT: (4, 13), (4, 13)
- RIGHT: (4, 14), (4, 15)
- UP: (3, 14), (3, 15)
- LEFT: (3, 13), (3, 13)
- DOWN: (4, 13), (5, 13)
- LEFT: (4, 12), (5, 12)
- DOWN: (6, 12), (6, 12)
- LEFT: (6, 11), (6, 10)
- UP: (5, 11), (5, 10)
- RIGHT: (5, 12), (5, 12)
- DOWN: (6, 12), (7, 12)
- LEFT: (6, 11), (7, 11)
- UP: (5, 11), (5, 11)
- RIGHT: (5, 12), (5, 13)
- UP: (4, 12), (4, 13)
- RIGHT: (4, 14), (4, 14)
- UP: (3, 14), (2, 14)
- RIGHT: (3, 15), (2, 15)
- DOWN: (4, 15), (4, 15)
- LEFT: (4, 14), (4, 13)
- LEFT: (4, 12), (4, 12)
- DOWN: (5, 12), (6, 12)
- DOWN: (7, 12), (7, 12)
- DOWN: (8, 12), (9, 12)
- LEFT: (8, 11), (9, 11)
- DOWN: (10, 11), (10, 11)
- LEFT: (10, 10), (10, 9)
- LEFT: (10, 8), (10, 8)
- UP: (9, 8), (8, 8)
- LEFT: (9, 7), (8, 7)
- DOWN: (10, 7), (10, 7)
- RIGHT: (10, 8), (10, 9)
- RIGHT: (10, 10), (10, 10)
- RIGHT: (10, 11), (10, 12)
- UP: (9, 11), (9, 12)
- UP: (8, 11), (8, 12)
- UP: (7, 11), (7, 12)
- UP: (6, 11), (6, 12)
- UP: (5, 11), (5, 12)
- RIGHT: (5, 13), (5, 13)
- UP: (4, 13), (3, 13)
- RIGHT: (4, 14), (3, 14)
- RIGHT: (4, 15), (3, 15)
- UP: (2, 15), (2, 15)
- DOWN: (3, 15), (4, 15)
- LEFT: (3, 14), (4, 14)
- LEFT: (3, 13), (4, 13)
- DOWN: (5, 13), (5, 13)
- LEFT: (5, 12), (5, 11)
- DOWN: (6, 12), (6, 11)
- DOWN: (7, 12), (7, 11)
- DOWN: (8, 12), (8, 11)
- DOWN: (9, 12), (9, 11)
- DOWN: (10, 12), (10, 11)
- LEFT: (10, 10), (10, 10)
- LEFT: (10, 9), (10, 8)
- LEFT: (10, 7), (10, 7)
- LEFT: (10, 6), (10, 5)
- UP: (9, 6), (9, 5)
- RIGHT: (9, 7), (9, 7)
- LEFT: (9, 6), (9, 5)
- DOWN: (10, 6), (10, 5)
- RIGHT: (10, 7), (10, 7)
- RIGHT: (10, 8), (10, 9)
- RIGHT: (10, 10), (10, 10)
- RIGHT: (10, 11), (10, 12)
- UP: (9, 11), (9, 12)
- UP: (8, 11), (8, 12)
- UP: (7, 11), (7, 12)
- UP: (6, 11), (6, 12)
- UP: (5, 11), (5, 12)
- RIGHT: (5, 13), (5, 13)
- UP: (4, 13), (3, 13)
- RIGHT: (4, 14), (3, 14)
- RIGHT: (4, 15), (3, 15)
- UP: (2, 15), (2, 15)
- DOWN: (3, 15), (4, 15)
- LEFT: (3, 14), (4, 14)
- LEFT: (3, 13), (4, 13)
- DOWN: (5, 13), (5, 13)
- LEFT: (5, 12), (5, 11)
- DOWN: (6, 12), (6, 11)
- DOWN: (7, 12), (7, 11)
- DOWN: (8, 12), (8, 11)
- DOWN: (9, 12), (9, 11)
- DOWN: (10, 12), (10, 11)
- LEFT: (10, 10), (10, 10)
- LEFT: (10, 9), (10, 8)
- LEFT: (10, 7), (10, 7)
- UP: (9, 7), (8, 7)
- RIGHT: (9, 8), (8, 8)
- DOWN: (10, 8), (10, 8)
- RIGHT: (10, 9), (10, 10)
- RIGHT: (10, 11), (10, 11)
- UP: (9, 11), (8, 11)
- UP: (7, 11), (7, 11)
- UP: (6, 11), (5, 11)
- RIGHT: (6, 12), (5, 12)
- UP: (4, 12), (4, 12)
- RIGHT: (4, 13), (4, 14)
- RIGHT: (4, 15), (4, 15)
- UP: (3, 15), (2, 15)
- LEFT: (3, 14), (2, 14)
- DOWN: (4, 14), (4, 14)
- LEFT: (4, 13), (4, 12)
- DOWN: (5, 13), (5, 12)
- LEFT: (5, 11), (5, 11)
- DOWN: (6, 11), (7, 11)
- RIGHT: (6, 12), (7, 12)
- UP: (5, 12), (5, 12)
- LEFT: (5, 11), (5, 10)
- LEFT: (5, 9), (5, 9)
- UP: (4, 9), (3, 9)
- LEFT: (4, 8), (3, 8)
- LEFT: (4, 7), (3, 7)
- LEFT: (4, 6), (3, 6)
- LEFT: (4, 5), (3, 5)
- LEFT: (4, 4), (3, 4)
- DOWN: (5, 4), (5, 4)
--> GOAL: (5, 4), (5, 4)
Time: 0.3628 s
Memory: 33.02 MB