BOARD:
=========================================================
[0, 0, 0, 0, 0, 0, 0, 0, 0, 0, 0, 0, 0, 0, 0, 0, 0, 0, 0]
[0, 0, 0, 0, 0, 0, 0, 0, 0, 0, 0, 0, 0, 0, 0, 0, 0, 0, 0]
[0, 0, 0, 0, 0, 0, 0, 0, 1, 1, 1, 1, 0, 0, 1, 1, 1, 0, 0]
[0, 0, 1, 1, 1, 1, 0, 0, 1, 1, 3, 1, 0, 0, 1, 2, 1, 0, 0]
[0, 0, 1, 1, 4, 1, 0, 0, 1, 1, 1, 1, 0, 0, 1, 1, 1, 0, 0]
[0, 0, 1, 1, 1, 1, 0, 0, 1, 1, 1, 1, 0, 0, 1, 1, 1, 0, 0]
[0, 0, 1, 1, 1, 1, 0, 0, 1, 1, 1, 1, 0, 0, 1, 1, 1, 0, 0]
[0, 0, 1, 1, 1, 1, 0, 0, 1, 1, 1, 1, 0, 0, 0, 0, 0, 0, 0]
[0, 0, 0, 0, 0, 0, 0, 0, 0, 0, 0, 0, 0, 0, 0, 0, 0, 0, 0]
[0, 0, 0, 0, 0, 0, 0, 0, 0, 0, 0, 0, 0, 0, 0, 0, 0, 0, 0]
=========================================================
- START: (6, 3), (6, 3)
- UP: (5, 3), (4, 3)
- RIGHT: (5, 4), (4, 4)
- DOWN: (6, 4), (6, 4)
- RIGHT: (6, 5), (6, 6)
- RIGHT: (6, 7), (6, 7)
- RIGHT: (6, 8), (6, 9)
- RIGHT: (6, 10), (6, 10)
- UP: (5, 10), (4, 10)
- UP: (3, 10), (3, 10)
- DOWN: (4, 10), (5, 10)
- RIGHT: (4, 11), (5, 11)
- DOWN: (6, 11), (6, 11)
- RIGHT: (6, 12), (6, 13)
- RIGHT: (6, 14), (6, 14)
- UP: (5, 14), (4, 14)
- RIGHT: (5, 15), (4, 15)
- UP: (3, 15), (3, 15)
--> GOAL: (3, 15), (3, 15)
Time: 0.214 s
Memory: 30.83 MB