BOARD:
=========================================================
[0, 0, 0, 0, 0, 0, 0, 0, 0, 0, 0, 0, 0, 0, 0, 0, 0, 0, 0]
[0, 0, 0, 0, 0, 0, 0, 0, 0, 0, 0, 0, 0, 0, 0, 0, 0, 0, 0]
[0, 0, 0, 0, 0, 0, 0, 0, 0, 0, 1, 1, 1, 1, 0, 0, 0, 0, 0]
[0, 0, 0, 0, 0, 0, 0, 0, 0, 0, 1, 1, 1, 1, 0, 0, 0, 0, 0]
[0, 0, 1, 1, 1, 0, 0, 0, 0, 0, 1, 0, 0, 1, 1, 1, 1, 0, 0]
[0, 0, 1, 1, 1, 1, 1, 1, 1, 1, 1, 0, 0, 0, 1, 2, 1, 0, 0]
[0, 0, 1, 1, 1, 0, 0, 0, 0, 1, 1, 3, 0, 0, 1, 1, 1, 0, 0]
[0, 0, 1, 1, 1, 0, 0, 0, 0, 1, 1, 1, 0, 0, 1, 1, 1, 0, 0]
[0, 0, 0, 1, 1, 0, 0, 0, 0, 1, 0, 0, 0, 0, 0, 0, 0, 0, 0]
[0, 0, 0, 0, 1, 1, 1, 1, 1, 1, 0, 0, 0, 0, 0, 0, 0, 0, 0]
[0, 0, 0, 0, 0, 0, 0, 0, 0, 0, 0, 0, 0, 0, 0, 0, 0, 0, 0]
[0, 0, 0, 0, 0, 0, 0, 0, 0, 0, 0, 0, 0, 0, 0, 0, 0, 0, 0]
=========================================================
- START: (5, 3), (5, 3)
- DOWN: (6, 3), (7, 3)
- LEFT: (6, 2), (7, 2)
- UP: (5, 2), (5, 2)
- RIGHT: (5, 3), (5, 4)
- RIGHT: (5, 5), (5, 5)
- RIGHT: (5, 6), (5, 7)
- RIGHT: (5, 8), (5, 8)
- RIGHT: (5, 9), (5, 10)
- DOWN: (6, 9), (6, 10)
- RIGHT: (6, 11), (6, 11)
- LEFT: (6, 10), (6, 9)
- UP: (5, 10), (5, 9)
- LEFT: (5, 8), (5, 8)
- LEFT: (5, 7), (5, 6)
- LEFT: (5, 5), (5, 5)
- LEFT: (5, 4), (5, 3)
- LEFT: (5, 2), (5, 2)
- DOWN: (6, 2), (7, 2)
- RIGHT: (6, 3), (7, 3)
- DOWN: (8, 3), (8, 3)
- RIGHT: (8, 4), (8, 5)
- DOWN: (9, 4), (9, 5)
- RIGHT: (9, 6), (9, 6)
- RIGHT: (9, 7), (9, 8)
- RIGHT: (9, 9), (9, 9)
- UP: (8, 9), (7, 9)
- UP: (6, 9), (6, 9)
- RIGHT: (6, 10), (6, 11)
- DOWN: (7, 10), (7, 11)
- LEFT: (7, 9), (7, 9)
- UP: (6, 9), (5, 9)
- RIGHT: (6, 10), (5, 10)
- UP: (4, 10), (4, 10)
- UP: (3, 10), (2, 10)
- RIGHT: (3, 11), (2, 11)
- RIGHT: (3, 12), (2, 12)
- RIGHT: (3, 13), (2, 13)
- DOWN: (4, 13), (4, 13)
- RIGHT: (4, 14), (4, 15)
- DOWN: (5, 14), (5, 15)
- RIGHT: (5, 16), (5, 16)
- DOWN: (6, 16), (7, 16)
- LEFT: (6, 15), (7, 15)
- UP: (5, 15), (5, 15)
--> GOAL: (5, 15), (5, 15)
Time: 0.1424 s
Memory: 30.55 MB