BOARD:
======================================================
[0, 0, 0, 0, 0, 0, 0, 0, 0, 0, 0, 0, 0, 0, 0, 0, 0, 0]
[0, 0, 0, 0, 0, 0, 0, 0, 0, 0, 0, 0, 0, 0, 0, 0, 0, 0]
[0, 0, 0, 0, 0, 0, 0, 0, 0, 0, 0, 0, 1, 1, 1, 1, 0, 0]
[0, 0, 0, 0, 0, 0, 1, 1, 1, 1, 1, 1, 1, 10, 1, 8, 0, 0]
[0, 0, 0, 1, 0, 0, 1, 10, 1, 0, 0, 0, 1, 1, 1, 1, 0, 0]
[0, 0, 10, 1, 0, 0, 1, 1, 0, 0, 0, 0, 0, 0, 1, 0, 0, 0]
[0, 0, 1, 1, 0, 0, 1, 0, 0, 0, 0, 0, 0, 0, 1, 0, 0, 0]
[0, 0, 1, 1, 1, 1, 1, 0, 0, 0, 0, 0, 1, 1, 1, 0, 0, 0]
[0, 0, 1, 1, 1, 0, 0, 1, 1, 1, 0, 0, 1, 2, 1, 0, 0, 0]
[0, 0, 0, 0, 0, 0, 0, 10, 1, 0, 0, 0, 1, 1, 1, 0, 0, 0]
[0, 0, 0, 0, 0, 0, 0, 0, 0, 0, 0, 0, 0, 0, 0, 0, 0, 0]
[0, 0, 0, 0, 0, 0, 0, 0, 0, 0, 0, 0, 0, 0, 0, 0, 0, 0]
======================================================
- START: (4, 3), (4, 3)
- DOWN: (5, 3), (6, 3)
- LEFT: (5, 2), (6, 2)
- DOWN: (7, 2), (7, 2)
- RIGHT: (7, 3), (7, 4)
- DOWN: (8, 3), (8, 4)
- LEFT: (8, 2), (8, 2)
- UP: (7, 2), (6, 2)
- UP: (5, 2), (5, 2)
- DOWN: (6, 2), (7, 2)
- DOWN: (8, 2), (8, 2)
- RIGHT: (8, 3), (8, 4)
- UP: (7, 3), (7, 4)
- LEFT: (7, 2), (7, 2)
- UP: (6, 2), (5, 2)
- RIGHT: (6, 3), (5, 3)
- DOWN: (7, 3), (7, 3)
- RIGHT: (7, 4), (7, 5)
- RIGHT: (7, 6), (7, 6)
- UP: (6, 6), (5, 6)
- UP: (4, 6), (4, 6)
- RIGHT: (4, 7), (4, 8)
- UP: (3, 7), (3, 8)
- LEFT: (3, 6), (3, 6)
- DOWN: (4, 6), (5, 6)
- RIGHT: (4, 7), (5, 7)
- UP: (3, 7), (3, 7)
- RIGHT: (3, 8), (3, 9)
- RIGHT: (3, 10), (3, 10)
- RIGHT: (3, 11), (3, 12)
- RIGHT: (3, 13), (3, 13)
- LEFT: (3, 12), (3, 11)
- LEFT: (3, 10), (3, 10)
- LEFT: (3, 9), (3, 8)
- LEFT: (3, 7), (3, 7)
- LEFT: (3, 6), (3, 5)
- DOWN: (4, 6), (4, 5)
- RIGHT: (4, 7), (4, 7)
- LEFT: (4, 6), (4, 5)
- UP: (3, 6), (3, 5)
- RIGHT: (3, 7), (3, 7)
- DOWN: (4, 7), (5, 7)
- LEFT: (4, 6), (5, 6)
- UP: (3, 6), (3, 6)
- RIGHT: (3, 7), (3, 8)
- RIGHT: (3, 9), (3, 9)
- RIGHT: (3, 10), (3, 11)
- RIGHT: (3, 12), (3, 12)
- RIGHT: (3, 13), (3, 14)
- RIGHT: (8, 7), (8, 9)
- CUBE 1 RIGHT: (8, 8), (8, 9)
- DOWN: (9, 8), (9, 9)
- LEFT: (9, 7), (9, 7)
- RIGHT: (9, 8), (9, 9)
- UP: (8, 8), (8, 9)
- RIGHT: (8, 10), (8, 10)
- RIGHT: (8, 11), (8, 12)
- RIGHT: (8, 13), (8, 13)
--> GOAL: (8, 13), (8, 13)
Time: 0.5497 s
Memory: 31.85 MB