BOARD:
===================================================
[0, 0, 0, 0, 0, 0, 0, 0, 0, 0, 0, 0, 0, 0, 0, 0, 0]
[0, 0, 0, 0, 0, 0, 0, 0, 0, 0, 0, 0, 0, 0, 0, 0, 0]
[0, 0, 0, 0, 0, 0, 0, 0, 0, 0, 0, 0, 0, 0, 3, 0, 0]
[0, 0, 0, 0, 0, 0, 0, 1, 1, 1, 0, 0, 1, 1, 1, 0, 0]
[0, 0, 0, 0, 0, 0, 0, 1, 3, 1, 1, 1, 1, 1, 0, 0, 0]
[0, 0, 0, 0, 0, 1, 1, 1, 1, 1, 0, 0, 1, 1, 0, 0, 0]
[0, 0, 0, 0, 0, 1, 2, 1, 0, 0, 0, 0, 1, 1, 0, 0, 0]
[0, 0, 0, 1, 1, 1, 1, 1, 0, 0, 0, 1, 1, 1, 1, 0, 0]
[0, 0, 1, 1, 1, 1, 0, 0, 0, 0, 0, 1, 1, 1, 1, 0, 0]
[0, 0, 1, 1, 1, 1, 0, 0, 1, 1, 1, 1, 1, 0, 0, 0, 0]
[0, 0, 0, 0, 0, 0, 0, 1, 1, 1, 0, 0, 0, 0, 0, 0, 0]
[0, 0, 0, 0, 0, 0, 0, 1, 1, 1, 0, 0, 0, 0, 0, 0, 0]
[0, 0, 0, 0, 0, 0, 0, 0, 0, 0, 0, 0, 0, 0, 0, 0, 0]
[0, 0, 0, 0, 0, 0, 0, 0, 0, 0, 0, 0, 0, 0, 0, 0, 0]
===================================================
- START: (8, 4), (8, 4)
- LEFT: (8, 3), (8, 2)
- DOWN: (9, 3), (9, 2)
- RIGHT: (9, 4), (9, 4)
- UP: (8, 4), (7, 4)
- RIGHT: (8, 5), (7, 5)
- UP: (6, 5), (6, 5)
- RIGHT: (6, 6), (6, 7)
- UP: (5, 6), (5, 7)
- RIGHT: (5, 8), (5, 8)
- UP: (4, 8), (3, 8)
- RIGHT: (4, 9), (3, 9)
- DOWN: (5, 9), (5, 9)
- LEFT: (5, 8), (5, 7)
- UP: (4, 8), (4, 7)
- RIGHT: (4, 9), (4, 9)
- RIGHT: (4, 10), (4, 11)
- RIGHT: (4, 12), (4, 12)
- DOWN: (5, 12), (6, 12)
- DOWN: (7, 12), (7, 12)
- DOWN: (8, 12), (9, 12)
- LEFT: (8, 11), (9, 11)
- UP: (7, 11), (7, 11)
- RIGHT: (7, 12), (7, 13)
- UP: (6, 12), (6, 13)
- UP: (5, 12), (5, 13)
- UP: (4, 12), (4, 13)
- LEFT: (4, 11), (4, 11)
- LEFT: (4, 10), (4, 9)
- LEFT: (4, 8), (4, 8)
- RIGHT: (4, 9), (4, 10)
- RIGHT: (4, 11), (4, 11)
- RIGHT: (4, 12), (4, 13)
- DOWN: (5, 12), (5, 13)
- DOWN: (6, 12), (6, 13)
- DOWN: (7, 12), (7, 13)
- LEFT: (7, 11), (7, 11)
- DOWN: (8, 11), (9, 11)
- RIGHT: (8, 12), (9, 12)
- UP: (7, 12), (7, 12)
- RIGHT: (7, 13), (7, 14)
- DOWN: (8, 13), (8, 14)
- LEFT: (8, 12), (8, 12)
- UP: (7, 12), (6, 12)
- UP: (5, 12), (5, 12)
- UP: (4, 12), (3, 12)
- RIGHT: (4, 13), (3, 13)
- RIGHT: (4, 14), (3, 14)
- UP: (2, 14), (2, 14)
- DOWN: (3, 14), (4, 14)
- LEFT: (3, 13), (4, 13)
- DOWN: (5, 13), (5, 13)
- DOWN: (6, 13), (7, 13)
- DOWN: (8, 13), (8, 13)
- LEFT: (8, 12), (8, 11)
- UP: (7, 12), (7, 11)
- RIGHT: (7, 13), (7, 13)
- UP: (6, 13), (5, 13)
- LEFT: (6, 12), (5, 12)
- UP: (4, 12), (4, 12)
- LEFT: (4, 11), (4, 10)
- LEFT: (4, 9), (4, 9)
- LEFT: (4, 8), (4, 7)
- DOWN: (5, 8), (5, 7)
- DOWN: (6, 8), (6, 7)
- LEFT: (6, 6), (6, 6)
--> GOAL: (6, 6), (6, 6)
Time: 0.3229 s
Memory: 31.29 MB