BOARD:
======================================================
[0, 0, 0, 0, 0, 0, 0, 0, 0, 0, 0, 0, 0, 0, 0, 0, 0, 0]
[0, 0, 0, 0, 0, 0, 0, 0, 0, 0, 0, 0, 0, 0, 0, 0, 0, 0]
[0, 0, 0, 0, 0, 0, 0, 1, 1, 1, 1, 0, 0, 0, 0, 8, 0, 0]
[0, 0, 0, 0, 0, 0, 0, 1, 1, 7, 1, 1, 1, 0, 0, 1, 0, 0]
[0, 0, 0, 0, 0, 0, 1, 1, 1, 1, 1, 1, 1, 0, 0, 1, 0, 0]
[0, 0, 1, 1, 1, 1, 1, 1, 1, 1, 0, 0, 1, 1, 1, 1, 0, 0]
[0, 0, 1, 1, 1, 0, 0, 0, 1, 0, 0, 0, 1, 1, 0, 0, 0, 0]
[0, 0, 1, 1, 1, 0, 0, 0, 1, 0, 0, 0, 1, 0, 0, 0, 0, 0]
[0, 0, 0, 1, 0, 0, 0, 0, 1, 1, 1, 0, 0, 0, 0, 0, 0, 0]
[0, 0, 0, 3, 0, 0, 0, 0, 1, 2, 1, 0, 0, 0, 0, 0, 0, 0]
[0, 0, 0, 0, 0, 0, 0, 0, 1, 1, 1, 0, 0, 0, 0, 0, 0, 0]
[0, 0, 0, 0, 0, 0, 0, 0, 0, 0, 0, 0, 0, 0, 0, 0, 0, 0]
[0, 0, 0, 0, 0, 0, 0, 0, 0, 0, 0, 0, 0, 0, 0, 0, 0, 0]
======================================================
- START: (7, 12), (7, 12)
- UP: (6, 12), (5, 12)
- UP: (4, 12), (4, 12)
- LEFT: (4, 11), (4, 10)
- LEFT: (4, 9), (4, 9)
- LEFT: (4, 8), (4, 7)
- DOWN: (5, 8), (5, 7)
- LEFT: (5, 6), (5, 6)
- LEFT: (5, 5), (5, 4)
- LEFT: (5, 3), (5, 3)
- DOWN: (6, 3), (7, 3)
- RIGHT: (6, 4), (7, 4)
- UP: (5, 4), (5, 4)
- RIGHT: (5, 5), (5, 6)
- RIGHT: (5, 7), (5, 7)
- UP: (4, 7), (3, 7)
- UP: (2, 7), (2, 7)
- RIGHT: (2, 8), (2, 9)
- RIGHT: (2, 10), (2, 10)
- DOWN: (3, 10), (4, 10)
- RIGHT: (3, 11), (4, 11)
- RIGHT: (3, 12), (4, 12)
- DOWN: (5, 12), (5, 12)
- RIGHT: (5, 13), (5, 14)
- RIGHT: (5, 15), (5, 15)
- UP: (4, 15), (3, 15)
- UP: (7, 12), (5, 14)
- CUBE 1 UP: (6, 12), (5, 14)
- CUBE 1 UP: (5, 12), (5, 14)
- CUBE 1 UP: (4, 12), (5, 14)
- CUBE 1 LEFT: (4, 11), (5, 14)
- CUBE 1 LEFT: (4, 10), (5, 14)
- CUBE 1 LEFT: (4, 9), (5, 14)
- CUBE 1 DOWN: (5, 9), (5, 14)
- CUBE 1 LEFT: (5, 8), (5, 14)
- CUBE 1 LEFT: (5, 7), (5, 14)
- CUBE 1 LEFT: (5, 6), (5, 14)
- CUBE 1 LEFT: (5, 5), (5, 14)
- CUBE 1 LEFT: (5, 4), (5, 14)
- CUBE 1 DOWN: (6, 4), (5, 14)
- CUBE 1 DOWN: (7, 4), (5, 14)
- CUBE 1 LEFT: (7, 3), (5, 14)
- CUBE 1 DOWN: (8, 3), (5, 14)
- CUBE 2 LEFT: (8, 3), (5, 13)
- CUBE 2 LEFT: (8, 3), (5, 12)
- CUBE 2 UP: (8, 3), (4, 12)
- CUBE 2 LEFT: (8, 3), (4, 11)
- CUBE 2 LEFT: (8, 3), (4, 10)
- CUBE 2 LEFT: (8, 3), (4, 9)
- CUBE 2 DOWN: (8, 3), (5, 9)
- CUBE 2 LEFT: (8, 3), (5, 8)
- CUBE 2 LEFT: (8, 3), (5, 7)
- CUBE 2 LEFT: (8, 3), (5, 6)
- CUBE 2 LEFT: (8, 3), (5, 5)
- CUBE 2 LEFT: (8, 3), (5, 4)
- CUBE 2 DOWN: (8, 3), (6, 4)
- CUBE 2 DOWN: (8, 3), (7, 4)
- CUBE 2 LEFT: (8, 3), (7, 3)
- DOWN: (9, 3), (9, 3)
- UP: (8, 3), (7, 3)
- UP: (6, 3), (6, 3)
- RIGHT: (6, 4), (6, 5)
- UP: (5, 4), (5, 5)
- RIGHT: (5, 6), (5, 6)
- RIGHT: (5, 7), (5, 8)
- RIGHT: (5, 9), (5, 9)
- UP: (4, 9), (3, 9)
- RIGHT: (4, 10), (3, 10)
- RIGHT: (4, 11), (3, 11)
- RIGHT: (4, 12), (3, 12)
- DOWN: (5, 12), (5, 12)
- RIGHT: (5, 13), (5, 14)
- RIGHT: (5, 15), (5, 15)
- UP: (4, 15), (3, 15)
- UP: (7, 12), (5, 14)
- CUBE 1 UP: (6, 12), (5, 14)
- CUBE 1 UP: (5, 12), (5, 14)
- CUBE 1 UP: (4, 12), (5, 14)
- CUBE 1 LEFT: (4, 11), (5, 14)
- CUBE 1 LEFT: (4, 10), (5, 14)
- CUBE 1 LEFT: (4, 9), (5, 14)
- CUBE 1 DOWN: (5, 9), (5, 14)
- CUBE 1 LEFT: (5, 8), (5, 14)
- CUBE 1 DOWN: (6, 8), (5, 14)
- CUBE 1 DOWN: (7, 8), (5, 14)
- CUBE 1 DOWN: (8, 8), (5, 14)
- CUBE 1 DOWN: (9, 8), (5, 14)
- CUBE 1 RIGHT: (9, 9), (5, 14)
- CUBE 1 RIGHT: (9, 10), (5, 14)
- CUBE 1 RIGHT: (9, 11), (5, 14)
- CUBE 2 LEFT: (9, 11), (5, 13)
- CUBE 2 LEFT: (9, 11), (5, 12)
- CUBE 2 UP: (9, 11), (4, 12)
- CUBE 2 LEFT: (9, 11), (4, 11)
- CUBE 2 LEFT: (9, 11), (4, 10)
- CUBE 2 LEFT: (9, 11), (4, 9)
- CUBE 2 DOWN: (9, 11), (5, 9)
- CUBE 2 LEFT: (9, 11), (5, 8)
- CUBE 2 DOWN: (9, 11), (6, 8)
- CUBE 2 DOWN: (9, 11), (7, 8)
- CUBE 2 DOWN: (9, 11), (8, 8)
- CUBE 2 DOWN: (9, 11), (9, 8)
- CUBE 2 RIGHT: (9, 11), (9, 9)
- CUBE 2 RIGHT: (9, 11), (9, 10)
- LEFT: (9, 9), (9, 9)
--> GOAL: (9, 9), (9, 9)
Time: 42.922 s
Memory: 49.95 MB