BOARD:
=========================================================
[0, 0, 0, 0, 0, 0, 0, 0, 0, 0, 0, 0, 0, 0, 0, 0, 0, 0, 0]
[0, 0, 0, 0, 0, 0, 0, 0, 0, 0, 0, 0, 0, 0, 0, 0, 0, 0, 0]
[0, 0, 0, 0, 11, 1, 1, 1, 0, 0, 0, 1, 0, 0, 10, 0, 0, 0, 0]
[0, 0, 0, 0, 0, 0, 0, 1, 0, 0, 0, 1, 0, 0, 0, 0, 0, 0, 0]
[0, 0, 0, 0, 0, 0, 0, 1, 1, 1, 1, 1, 0, 0, 0, 0, 0, 0, 0]
[0, 0, 12, 0, 0, 1, 1, 1, 1, 1, 1, 1, 1, 1, 0, 0, 10, 0, 0]
[0, 0, 0, 0, 0, 0, 0, 1, 1, 1, 1, 1, 0, 0, 0, 0, 0, 0, 0]
[0, 0, 0, 0, 0, 0, 0, 0, 1, 0, 0, 1, 0, 0, 0, 0, 0, 0, 0]
[0, 0, 0, 0, 0, 0, 0, 0, 1, 0, 0, 1, 1, 1, 6, 0, 0, 0, 0]
[0, 0, 1, 1, 1, 0, 0, 1, 1, 0, 0, 1, 0, 0, 0, 0, 0, 0, 0]
[0, 0, 1, 2, 1, 0, 0, 1, 0, 0, 0, 1, 0, 0, 0, 0, 0, 0, 0]
[0, 0, 1, 1, 1, 0, 0, 0, 0, 0, 0, 1, 1, 1, 11, 0, 0, 0, 0]
[0, 0, 0, 0, 0, 0, 0, 0, 0, 0, 0, 0, 0, 0, 0, 0, 0, 0, 0]
[0, 0, 0, 0, 0, 0, 0, 0, 0, 0, 0, 0, 0, 0, 0, 0, 0, 0, 0]
=========================================================
- START: (5, 9), (5, 9)
- RIGHT: (5, 10), (5, 11)
- UP: (4, 10), (4, 11)
- LEFT: (4, 9), (4, 9)
- DOWN: (5, 9), (6, 9)
- LEFT: (5, 8), (6, 8)
- UP: (4, 8), (4, 8)
- RIGHT: (4, 9), (4, 10)
- DOWN: (5, 9), (5, 10)
- RIGHT: (5, 11), (5, 11)
- DOWN: (6, 11), (7, 11)
- DOWN: (8, 11), (8, 11)
- RIGHT: (8, 12), (8, 13)
- RIGHT: (8, 14), (8, 14)
- LEFT: (8, 13), (8, 12)
- LEFT: (8, 11), (8, 11)
- UP: (7, 11), (6, 11)
- UP: (5, 11), (5, 11)
- LEFT: (5, 10), (5, 9)
- UP: (4, 10), (4, 9)
- RIGHT: (4, 11), (4, 11)
- DOWN: (5, 11), (6, 11)
- LEFT: (5, 10), (6, 10)
- UP: (4, 10), (4, 10)
- LEFT: (4, 9), (4, 8)
- DOWN: (5, 9), (5, 8)
- LEFT: (5, 7), (5, 7)
- UP: (4, 7), (3, 7)
- UP: (2, 7), (2, 7)
- LEFT: (2, 6), (2, 5)
- LEFT: (2, 4), (2, 4)
- RIGHT: (2, 5), (2, 6)
- RIGHT: (2, 7), (2, 7)
- DOWN: (3, 7), (4, 7)
- DOWN: (5, 7), (5, 7)
- RIGHT: (5, 8), (5, 9)
- UP: (4, 8), (4, 9)
- RIGHT: (4, 10), (4, 10)
- DOWN: (5, 10), (6, 10)
- RIGHT: (5, 11), (6, 11)
- UP: (4, 11), (4, 11)
- LEFT: (4, 10), (4, 9)
- DOWN: (5, 10), (5, 9)
- RIGHT: (5, 11), (5, 11)
- UP: (4, 11), (3, 11)
- UP: (2, 11), (2, 11)
- RIGHT: (2, 12), (2, 13)
- RIGHT: (2, 14), (2, 14)
- LEFT: (2, 13), (2, 12)
- LEFT: (2, 11), (2, 11)
- DOWN: (3, 11), (4, 11)
- DOWN: (5, 11), (5, 11)
- DOWN: (6, 11), (7, 11)
- DOWN: (8, 11), (8, 11)
- DOWN: (9, 11), (10, 11)
- DOWN: (11, 11), (11, 11)
- RIGHT: (11, 12), (11, 13)
- RIGHT: (11, 14), (11, 14)
- LEFT: (11, 13), (11, 12)
- LEFT: (11, 11), (11, 11)
- UP: (10, 11), (9, 11)
- UP: (8, 11), (8, 11)
- UP: (7, 11), (6, 11)
- UP: (5, 11), (5, 11)
- LEFT: (5, 10), (5, 9)
- LEFT: (5, 8), (5, 8)
- LEFT: (5, 7), (5, 6)
- LEFT: (5, 5), (5, 5)
- LEFT: (5, 4), (5, 3)
- LEFT: (5, 2), (5, 2)
- RIGHT: (5, 3), (5, 4)
- RIGHT: (5, 5), (5, 5)
- RIGHT: (5, 6), (5, 7)
- RIGHT: (5, 8), (5, 8)
- DOWN: (6, 8), (7, 8)
- LEFT: (6, 7), (7, 7)
- UP: (5, 7), (5, 7)
- RIGHT: (5, 8), (5, 9)
- RIGHT: (5, 10), (5, 10)
- RIGHT: (5, 11), (5, 12)
- RIGHT: (5, 13), (5, 13)
- RIGHT: (5, 14), (5, 15)
- RIGHT: (5, 16), (5, 16)
- LEFT: (5, 15), (5, 14)
- LEFT: (5, 13), (5, 13)
- LEFT: (5, 12), (5, 11)
- LEFT: (5, 10), (5, 10)
- LEFT: (5, 9), (5, 8)
- UP: (4, 9), (4, 8)
- LEFT: (4, 7), (4, 7)
- DOWN: (5, 7), (6, 7)
- DOWN: (7, 7), (7, 7)
- DOWN: (8, 7), (9, 7)
- DOWN: (10, 7), (10, 7)
- LEFT: (10, 6), (10, 5)
- LEFT: (10, 4), (10, 4)
- LEFT: (10, 3), (10, 2)
- DOWN: (11, 3), (11, 2)
- RIGHT: (11, 4), (11, 4)
- UP: (10, 4), (9, 4)
- LEFT: (10, 3), (9, 3)
- DOWN: (11, 3), (11, 3)
- RIGHT: (11, 4), (11, 5)
- UP: (10, 4), (10, 5)
- LEFT: (10, 3), (10, 3)
--> GOAL: (10, 3), (10, 3)
Time: 5.1931 s
Memory: 38.02 MB