BOARD:
=========================================================
[0, 0, 0, 0, 0, 0, 0, 0, 0, 0, 0, 0, 0, 0, 0, 0, 0, 0, 0]
[0, 0, 0, 0, 0, 0, 0, 0, 0, 0, 0, 0, 0, 0, 0, 0, 0, 0, 0]
[0, 0, 1, 1, 1, 0, 0, 0, 0, 1, 1, 1, 1, 1, 1, 1, 1, 0, 0]
[0, 0, 1, 1, 1, 1, 1, 1, 1, 1, 1, 1, 1, 0, 0, 1, 1, 0, 0]
[0, 0, 1, 1, 1, 0, 0, 0, 0, 1, 1, 0, 0, 0, 0, 1, 1, 0, 0]
[0, 0, 0, 0, 0, 0, 0, 0, 0, 0, 0, 0, 0, 0, 1, 9, 1, 0, 0]
[0, 0, 0, 0, 0, 0, 0, 0, 0, 0, 0, 0, 0, 0, 1, 1, 0, 0, 0]
[0, 0, 1, 1, 1, 0, 0, 5, 5, 5, 5, 1, 0, 0, 7, 7, 0, 0, 0]
[0, 0, 1, 2, 1, 5, 5, 5, 5, 5, 5, 5, 0, 0, 1, 1, 1, 0, 0]
[0, 0, 1, 1, 1, 5, 5, 5, 5, 5, 5, 5, 5, 5, 1, 1, 1, 0, 0]
[0, 0, 0, 0, 0, 0, 0, 5, 5, 5, 5, 5, 5, 5, 1, 1, 1, 0, 0]
[0, 0, 0, 0, 0, 0, 0, 0, 1, 1, 1, 1, 0, 0, 0, 0, 0, 0, 0]
[0, 0, 0, 0, 0, 0, 0, 0, 0, 0, 0, 0, 0, 0, 0, 0, 0, 0, 0]
[0, 0, 0, 0, 0, 0, 0, 0, 0, 0, 0, 0, 0, 0, 0, 0, 0, 0, 0]
=========================================================
- START: (3, 3), (3, 3)
- RIGHT: (3, 4), (3, 5)
- RIGHT: (3, 6), (3, 6)
- RIGHT: (3, 7), (3, 8)
- RIGHT: (3, 9), (3, 9)
- RIGHT: (3, 10), (3, 11)
- UP: (2, 10), (2, 11)
- LEFT: (2, 9), (2, 9)
- DOWN: (3, 9), (4, 9)
- RIGHT: (3, 10), (4, 10)
- UP: (2, 10), (2, 10)
- RIGHT: (2, 11), (2, 12)
- DOWN: (3, 11), (3, 12)
- LEFT: (3, 10), (3, 10)
- LEFT: (3, 9), (3, 8)
- LEFT: (3, 7), (3, 7)
- LEFT: (3, 6), (3, 5)
- LEFT: (3, 4), (3, 4)
- LEFT: (3, 3), (3, 2)
- UP: (2, 3), (2, 2)
- RIGHT: (2, 4), (2, 4)
- DOWN: (3, 4), (4, 4)
- LEFT: (3, 3), (4, 3)
- LEFT: (3, 2), (4, 2)
- UP: (2, 2), (2, 2)
- RIGHT: (2, 3), (2, 4)
- DOWN: (3, 3), (3, 4)
- RIGHT: (3, 5), (3, 5)
- RIGHT: (3, 6), (3, 7)
- RIGHT: (3, 8), (3, 8)
- RIGHT: (3, 9), (3, 10)
- UP: (2, 9), (2, 10)
- RIGHT: (2, 11), (2, 11)
- RIGHT: (2, 12), (2, 13)
- RIGHT: (2, 14), (2, 14)
- RIGHT: (2, 15), (2, 16)
- DOWN: (3, 15), (3, 16)
- DOWN: (4, 15), (4, 16)
- DOWN: (5, 15), (5, 16)
- LEFT: (5, 14), (5, 14)
- DOWN: (6, 14), (7, 14)
- DOWN: (8, 14), (8, 14)
- DOWN: (9, 14), (10, 14)
- LEFT: (9, 13), (10, 13)
- LEFT: (9, 12), (10, 12)
- LEFT: (9, 11), (10, 11)
- DOWN: (11, 11), (11, 11)
- LEFT: (11, 10), (11, 9)
- UP: (10, 10), (10, 9)
- UP: (9, 10), (9, 9)
- UP: (8, 10), (8, 9)
- UP: (7, 10), (7, 9)
- RIGHT: (7, 11), (7, 11)
- DOWN: (8, 11), (9, 11)
- LEFT: (8, 10), (9, 10)
- LEFT: (8, 9), (9, 9)
- LEFT: (8, 8), (9, 8)
- LEFT: (8, 7), (9, 7)
- LEFT: (8, 6), (9, 6)
- LEFT: (8, 5), (9, 5)
- LEFT: (8, 4), (9, 4)
- UP: (7, 4), (7, 4)
- LEFT: (7, 3), (7, 2)
- DOWN: (8, 3), (8, 2)
- DOWN: (9, 3), (9, 2)
- RIGHT: (9, 4), (9, 4)
- UP: (8, 4), (7, 4)
- LEFT: (8, 3), (7, 3)
- DOWN: (9, 3), (9, 3)
- RIGHT: (9, 4), (9, 5)
- UP: (8, 4), (8, 5)
- LEFT: (8, 3), (8, 3)
--> GOAL: (8, 3), (8, 3)
Time: 0.3455 s
Memory: 31.34 MB