BOARD:
=========================================================
[0, 0, 0, 0, 0, 0, 0, 0, 0, 0, 0, 0, 0, 0, 0, 0, 0, 0, 0]
[0, 0, 0, 0, 0, 0, 0, 0, 0, 0, 0, 0, 0, 0, 0, 0, 0, 0, 0]
[0, 0, 0, 0, 0, 0, 0, 1, 1, 1, 1, 1, 1, 0, 0, 0, 0, 0, 0]
[0, 0, 0, 0, 0, 0, 0, 1, 0, 0, 1, 1, 1, 0, 0, 0, 0, 0, 0]
[0, 0, 0, 0, 0, 0, 0, 1, 0, 0, 1, 1, 1, 1, 1, 0, 0, 0, 0]
[0, 0, 1, 1, 1, 1, 1, 1, 0, 0, 0, 0, 0, 1, 1, 1, 1, 0, 0]
[0, 0, 0, 0, 0, 0, 1, 1, 1, 0, 0, 0, 0, 1, 1, 2, 1, 0, 0]
[0, 0, 0, 0, 0, 0, 1, 1, 1, 0, 0, 0, 0, 0, 1, 1, 1, 0, 0]
[0, 0, 0, 0, 0, 0, 0, 0, 1, 0, 0, 1, 1, 0, 0, 0, 0, 0, 0]
[0, 0, 0, 0, 0, 0, 0, 0, 1, 1, 1, 1, 1, 0, 0, 0, 0, 0, 0]
[0, 0, 0, 0, 0, 0, 0, 0, 1, 1, 1, 1, 1, 0, 0, 0, 0, 0, 0]
[0, 0, 0, 0, 0, 0, 0, 0, 0, 1, 1, 1, 0, 0, 0, 0, 0, 0, 0]
[0, 0, 0, 0, 0, 0, 0, 0, 0, 0, 0, 0, 0, 0, 0, 0, 0, 0, 0]
[0, 0, 0, 0, 0, 0, 0, 0, 0, 0, 0, 0, 0, 0, 0, 0, 0, 0, 0]
=========================================================
- START: (5, 2), (5, 2)
- RIGHT: (5, 3), (5, 4)
- RIGHT: (5, 5), (5, 5)
- RIGHT: (5, 6), (5, 7)
- DOWN: (6, 6), (6, 7)
- DOWN: (7, 6), (7, 7)
- RIGHT: (7, 8), (7, 8)
- DOWN: (8, 8), (9, 8)
- DOWN: (10, 8), (10, 8)
- RIGHT: (10, 9), (10, 10)
- DOWN: (11, 9), (11, 10)
- RIGHT: (11, 11), (11, 11)
- UP: (10, 11), (9, 11)
- LEFT: (10, 10), (9, 10)
- LEFT: (10, 9), (9, 9)
- LEFT: (10, 8), (9, 8)
- UP: (8, 8), (8, 8)
- UP: (7, 8), (6, 8)
- LEFT: (7, 7), (6, 7)
- UP: (5, 7), (5, 7)
- UP: (4, 7), (3, 7)
- UP: (2, 7), (2, 7)
- RIGHT: (2, 8), (2, 9)
- RIGHT: (2, 10), (2, 10)
- DOWN: (3, 10), (4, 10)
- RIGHT: (3, 11), (4, 11)
- RIGHT: (3, 12), (4, 12)
- UP: (2, 12), (2, 12)
- LEFT: (2, 11), (2, 10)
- DOWN: (3, 11), (3, 10)
- DOWN: (4, 11), (4, 10)
- RIGHT: (4, 12), (4, 12)
- RIGHT: (4, 13), (4, 14)
- DOWN: (5, 13), (5, 14)
- DOWN: (6, 13), (6, 14)
- RIGHT: (6, 15), (6, 15)
--> GOAL: (6, 15), (6, 15)
Time: 0.1458 s
Memory: 30.27 MB