BOARD:
================================================
[0, 0, 0, 0, 0, 0, 0, 0, 0, 0, 0, 0, 0, 0, 0, 0]
[0, 0, 0, 0, 0, 0, 0, 0, 0, 0, 0, 0, 0, 0, 0, 0]
[0, 0, 0, 1, 1, 1, 1, 0, 0, 0, 0, 0, 0, 0, 0, 0]
[0, 0, 0, 1, 2, 1, 1, 0, 0, 0, 0, 0, 0, 0, 0, 0]
[0, 0, 0, 1, 1, 1, 0, 0, 0, 0, 0, 0, 0, 0, 0, 0]
[0, 0, 0, 1, 0, 0, 0, 1, 1, 1, 1, 1, 1, 0, 0, 0]
[0, 0, 0, 1, 0, 0, 0, 1, 1, 0, 0, 1, 1, 0, 0, 0]
[0, 0, 1, 1, 1, 1, 1, 1, 1, 0, 0, 1, 1, 1, 0, 0]
[0, 0, 0, 0, 0, 0, 0, 1, 7, 0, 0, 0, 0, 1, 0, 0]
[0, 0, 0, 0, 0, 0, 0, 1, 1, 1, 1, 0, 0, 1, 0, 0]
[0, 0, 0, 0, 0, 0, 0, 1, 1, 1, 1, 1, 1, 1, 0, 0]
[0, 0, 0, 0, 0, 0, 0, 0, 0, 0, 1, 1, 1, 0, 0, 0]
[0, 0, 0, 0, 0, 0, 0, 0, 0, 0, 0, 0, 0, 0, 0, 0]
[0, 0, 0, 0, 0, 0, 0, 0, 0, 0, 0, 0, 0, 0, 0, 0]
================================================
- START: (7, 2), (7, 2)
- RIGHT: (7, 3), (7, 4)
- RIGHT: (7, 5), (7, 5)
- RIGHT: (7, 6), (7, 7)
- RIGHT: (7, 8), (7, 8)
- UP: (6, 8), (5, 8)
- LEFT: (6, 7), (5, 7)
- DOWN: (7, 7), (7, 7)
- DOWN: (8, 7), (9, 7)
- DOWN: (10, 7), (10, 7)
- RIGHT: (10, 8), (10, 9)
- RIGHT: (10, 10), (10, 10)
- RIGHT: (10, 11), (10, 12)
- DOWN: (11, 11), (11, 12)
- LEFT: (11, 10), (11, 10)
- UP: (10, 10), (9, 10)
- LEFT: (10, 9), (9, 9)
- LEFT: (10, 8), (9, 8)
- LEFT: (10, 7), (9, 7)
- UP: (8, 7), (8, 7)
- UP: (7, 7), (6, 7)
- RIGHT: (7, 8), (6, 8)
- UP: (5, 8), (5, 8)
- RIGHT: (5, 9), (5, 10)
- RIGHT: (5, 11), (5, 11)
- DOWN: (6, 11), (7, 11)
- RIGHT: (6, 12), (7, 12)
- UP: (5, 12), (5, 12)
- LEFT: (5, 11), (5, 10)
- LEFT: (5, 9), (5, 9)
- LEFT: (5, 8), (5, 7)
- DOWN: (6, 8), (6, 7)
- DOWN: (7, 8), (7, 7)
- LEFT: (7, 6), (7, 6)
- LEFT: (7, 5), (7, 4)
- LEFT: (7, 3), (7, 3)
- UP: (6, 3), (5, 3)
- UP: (4, 3), (4, 3)
- RIGHT: (4, 4), (4, 5)
- UP: (3, 4), (3, 5)
- UP: (2, 4), (2, 5)
- LEFT: (2, 3), (2, 3)
- DOWN: (3, 3), (4, 3)
- RIGHT: (3, 4), (4, 4)
- UP: (2, 4), (2, 4)
- RIGHT: (2, 5), (2, 6)
- DOWN: (3, 5), (3, 6)
- LEFT: (3, 4), (3, 4)
--> GOAL: (3, 4), (3, 4)
Time: 0.1533 s
Memory: 30.35 MB