BOARD:
===================================================
[0, 0, 0, 0, 0, 0, 0, 0, 0, 0, 0, 0, 0, 0, 0, 0, 0]
[0, 0, 0, 0, 0, 0, 0, 0, 0, 0, 0, 0, 0, 0, 0, 0, 0]
[0, 0, 0, 8, 0, 0, 0, 0, 0, 0, 0, 0, 1, 1, 1, 0, 0]
[0, 0, 8, 1, 8, 0, 0, 3, 3, 1, 0, 0, 1, 2, 1, 0, 0]
[0, 0, 0, 8, 0, 0, 0, 0, 0, 0, 0, 0, 1, 1, 1, 0, 0]
[0, 0, 0, 0, 0, 0, 0, 0, 0, 0, 0, 0, 0, 0, 0, 0, 0]
[0, 0, 0, 0, 0, 0, 0, 0, 0, 0, 0, 0, 0, 0, 0, 0, 0]
[0, 0, 0, 0, 1, 1, 1, 0, 0, 0, 1, 1, 1, 0, 0, 0, 0]
[0, 0, 0, 0, 1, 1, 1, 1, 1, 1, 1, 8, 1, 0, 0, 0, 0]
[0, 0, 0, 0, 1, 1, 1, 0, 0, 0, 1, 1, 1, 0, 0, 0, 0]
[0, 0, 0, 0, 0, 0, 0, 0, 0, 0, 0, 0, 0, 0, 0, 0, 0]
[0, 0, 0, 0, 0, 0, 0, 0, 0, 0, 0, 0, 0, 0, 0, 0, 0]
===================================================
- START: (8, 5), (8, 5)
- RIGHT: (8, 6), (8, 7)
- RIGHT: (8, 8), (8, 8)
- RIGHT: (8, 9), (8, 10)
- RIGHT: (3, 2), (2, 3)
- CUBE 1 RIGHT: (3, 3), (2, 3)
- DOWN: (3, 2), (4, 3)
- CUBE 1 RIGHT: (3, 3), (4, 3)
- UP: (3, 7), (3, 9)
- CUBE 1 RIGHT: (3, 8), (3, 9)
- LEFT: (3, 7), (3, 7)
- LEFT: (3, 6), (3, 5)
- LEFT: (3, 2), (3, 4)
- CUBE 1 RIGHT: (3, 3), (3, 4)
- RIGHT: (3, 5), (3, 5)
- RIGHT: (3, 6), (3, 7)
- RIGHT: (3, 8), (3, 8)
- LEFT: (3, 7), (3, 6)
- LEFT: (3, 5), (3, 5)
- LEFT: (3, 4), (3, 3)
- LEFT: (2, 3), (3, 4)
- CUBE 2 LEFT: (2, 3), (3, 3)
- DOWN: (3, 2), (4, 3)
- CUBE 1 RIGHT: (3, 3), (4, 3)
- UP: (3, 7), (3, 9)
- CUBE 1 RIGHT: (3, 8), (3, 9)
- RIGHT: (3, 10), (3, 10)
- RIGHT: (3, 11), (3, 12)
- RIGHT: (3, 13), (3, 13)
--> GOAL: (3, 13), (3, 13)
Time: 0.2046 s
Memory: 30.62 MB