BOARD:
=========================================================
[0, 0, 0, 0, 0, 0, 0, 0, 0, 0, 0, 0, 0, 0, 0, 0, 0, 0, 0]
[0, 0, 0, 0, 0, 0, 0, 0, 0, 0, 0, 0, 0, 0, 0, 0, 0, 0, 0]
[0, 0, 0, 0, 0, 0, 0, 0, 0, 0, 0, 0, 0, 1, 1, 1, 0, 0, 0]
[0, 0, 0, 1, 1, 1, 0, 0, 0, 0, 3, 0, 0, 1, 2, 1, 0, 0, 0]
[0, 0, 0, 1, 1, 1, 1, 1, 1, 1, 1, 0, 0, 1, 1, 1, 0, 0, 0]
[0, 0, 0, 1, 1, 1, 0, 0, 1, 1, 1, 0, 0, 0, 1, 0, 0, 0, 0]
[0, 0, 0, 5, 5, 5, 0, 0, 7, 1, 1, 0, 0, 0, 5, 0, 0, 0, 0]
[0, 0, 0, 0, 5, 0, 0, 0, 1, 1, 1, 0, 0, 5, 5, 5, 0, 0, 0]
[0, 0, 0, 0, 1, 0, 0, 0, 1, 1, 1, 0, 0, 1, 1, 1, 0, 0, 0]
[0, 0, 1, 1, 1, 1, 0, 0, 1, 7, 1, 1, 1, 1, 1, 1, 0, 0, 0]
[0, 0, 1, 1, 12, 1, 0, 0, 3, 0, 0, 0, 0, 1, 1, 1, 0, 0, 0]
[0, 0, 1, 1, 1, 1, 0, 0, 0, 0, 0, 0, 0, 0, 0, 0, 0, 0, 0]
[0, 0, 0, 0, 0, 0, 0, 0, 0, 0, 0, 0, 0, 0, 0, 0, 0, 0, 0]
[0, 0, 0, 0, 0, 0, 0, 0, 0, 0, 0, 0, 0, 0, 0, 0, 0, 0, 0]
=========================================================
- START: (9, 14), (9, 14)
- UP: (8, 14), (7, 14)
- LEFT: (8, 13), (7, 13)
- DOWN: (9, 13), (9, 13)
- LEFT: (9, 12), (9, 11)
- LEFT: (9, 10), (9, 10)
- UP: (8, 10), (7, 10)
- UP: (6, 10), (6, 10)
- UP: (5, 10), (4, 10)
- UP: (3, 10), (3, 10)
- DOWN: (4, 10), (5, 10)
- DOWN: (6, 10), (6, 10)
- DOWN: (7, 10), (8, 10)
- DOWN: (9, 10), (9, 10)
- RIGHT: (9, 11), (9, 12)
- RIGHT: (9, 13), (9, 13)
- RIGHT: (9, 14), (9, 15)
- UP: (8, 14), (8, 15)
- LEFT: (8, 13), (8, 13)
- DOWN: (9, 13), (10, 13)
- RIGHT: (9, 14), (10, 14)
- UP: (8, 14), (8, 14)
- UP: (7, 14), (6, 14)
- UP: (5, 14), (5, 14)
- UP: (4, 14), (3, 14)
- RIGHT: (4, 15), (3, 15)
- UP: (2, 15), (2, 15)
- LEFT: (2, 14), (2, 13)
- DOWN: (3, 14), (3, 13)
- DOWN: (4, 14), (4, 13)
- RIGHT: (4, 15), (4, 15)
- UP: (3, 15), (2, 15)
- LEFT: (3, 14), (2, 14)
- DOWN: (4, 14), (4, 14)
- LEFT: (4, 13), (4, 12)
- LEFT: (4, 11), (4, 11)
- LEFT: (4, 10), (4, 9)
- DOWN: (5, 10), (5, 9)
- DOWN: (6, 10), (6, 9)
- DOWN: (7, 10), (7, 9)
- LEFT: (7, 8), (7, 8)
- DOWN: (8, 8), (9, 8)
- DOWN: (10, 8), (10, 8)
- UP: (9, 8), (8, 8)
- UP: (7, 8), (7, 8)
- RIGHT: (7, 9), (7, 10)
- UP: (6, 9), (6, 10)
- UP: (5, 9), (5, 10)
- UP: (4, 9), (4, 10)
- LEFT: (4, 8), (4, 8)
- LEFT: (4, 7), (4, 6)
- LEFT: (4, 5), (4, 5)
- LEFT: (4, 4), (4, 3)
- DOWN: (5, 4), (5, 3)
- RIGHT: (5, 5), (5, 5)
- UP: (4, 5), (3, 5)
- LEFT: (4, 4), (3, 4)
- DOWN: (5, 4), (5, 4)
- DOWN: (6, 4), (7, 4)
- DOWN: (8, 4), (8, 4)
- DOWN: (9, 4), (10, 4)
- DOWN: (11, 4), (11, 4)
- LEFT: (11, 3), (11, 2)
- UP: (10, 3), (10, 2)
- RIGHT: (10, 4), (10, 4)
- LEFT: (10, 3), (10, 2)
- UP: (9, 3), (9, 2)
- RIGHT: (9, 4), (9, 4)
- DOWN: (10, 4), (11, 4)
- RIGHT: (10, 5), (11, 5)
- UP: (9, 5), (9, 5)
- RIGHT: (9, 6), (9, 7)
- RIGHT: (9, 8), (9, 8)
- UP: (8, 8), (7, 8)
- RIGHT: (8, 9), (7, 9)
- RIGHT: (8, 10), (7, 10)
- DOWN: (9, 10), (9, 10)
- RIGHT: (9, 11), (9, 12)
- RIGHT: (9, 13), (9, 13)
- RIGHT: (9, 14), (9, 15)
- UP: (8, 14), (8, 15)
- LEFT: (8, 13), (8, 13)
- DOWN: (9, 13), (10, 13)
- RIGHT: (9, 14), (10, 14)
- UP: (8, 14), (8, 14)
- UP: (7, 14), (6, 14)
- UP: (5, 14), (5, 14)
- UP: (4, 14), (3, 14)
- UP: (2, 14), (2, 14)
- RIGHT: (2, 15), (2, 16)
- DOWN: (3, 15), (3, 16)
- LEFT: (3, 14), (3, 14)
--> GOAL: (3, 14), (3, 14)
Time: 0.6408 s
Memory: 34.05 MB