BOARD:
======================================================
[0, 0, 0, 0, 0, 0, 0, 0, 0, 0, 0, 0, 0, 0, 0, 0, 0, 0]
[0, 0, 0, 0, 0, 0, 0, 0, 0, 0, 0, 0, 0, 0, 0, 0, 0, 0]
[0, 0, 0, 0, 0, 5, 5, 5, 5, 5, 5, 5, 0, 0, 0, 0, 0, 0]
[0, 0, 0, 0, 0, 5, 5, 5, 5, 5, 5, 5, 0, 0, 0, 0, 0, 0]
[0, 0, 1, 1, 1, 1, 0, 0, 0, 0, 0, 1, 1, 1, 0, 0, 0, 0]
[0, 0, 1, 1, 1, 0, 0, 0, 0, 0, 0, 0, 1, 1, 0, 0, 0, 0]
[0, 0, 1, 1, 1, 0, 0, 0, 0, 0, 0, 0, 1, 1, 0, 0, 0, 0]
[0, 0, 1, 1, 1, 0, 0, 1, 1, 1, 1, 5, 5, 5, 5, 5, 0, 0]
[0, 0, 1, 1, 1, 0, 0, 1, 1, 1, 1, 5, 5, 5, 5, 5, 0, 0]
[0, 0, 0, 0, 0, 0, 0, 1, 2, 1, 0, 0, 5, 5, 1, 5, 0, 0]
[0, 0, 0, 0, 0, 0, 0, 1, 1, 1, 0, 0, 5, 5, 5, 5, 0, 0]
[0, 0, 0, 0, 0, 0, 0, 0, 0, 0, 0, 0, 0, 0, 0, 0, 0, 0]
[0, 0, 0, 0, 0, 0, 0, 0, 0, 0, 0, 0, 0, 0, 0, 0, 0, 0]
======================================================
- START: (7, 3), (7, 3)
- NONE: (7, 3), (7, 3)
- NONE: (7, 3), (7, 3)
- NONE: (7, 3), (7, 3)
- UP: (6, 3), (5, 3)
- LEFT: (6, 2), (5, 2)
- UP: (4, 2), (4, 2)
- RIGHT: (4, 3), (4, 4)
- NONE: (4, 3), (4, 4)
- NONE: (4, 3), (4, 4)
- RIGHT: (4, 5), (4, 5)
- NONE: (4, 5), (4, 5)
- UP: (3, 5), (2, 5)
- RIGHT: (3, 6), (2, 6)
- RIGHT: (3, 7), (2, 7)
- NONE: (3, 7), (2, 7)
- LEFT: (3, 6), (2, 6)
- NONE: (3, 6), (2, 6)
- RIGHT: (3, 7), (2, 7)
- RIGHT: (3, 8), (2, 8)
- LEFT: (3, 7), (2, 7)
- NONE: (3, 7), (2, 7)
- RIGHT: (3, 8), (2, 8)
- RIGHT: (3, 9), (2, 9)
- LEFT: (3, 8), (2, 8)
- RIGHT: (3, 9), (2, 9)
- NONE: (3, 9), (2, 9)
- LEFT: (3, 8), (2, 8)
- RIGHT: (3, 9), (2, 9)
- RIGHT: (3, 10), (2, 10)
- NONE: (3, 10), (2, 10)
- RIGHT: (3, 11), (2, 11)
- DOWN: (4, 11), (4, 11)
- NONE: (4, 11), (4, 11)
- RIGHT: (4, 12), (4, 13)
- DOWN: (5, 12), (5, 13)
- DOWN: (6, 12), (6, 13)
- DOWN: (7, 12), (7, 13)
- NONE: (7, 12), (7, 13)
- DOWN: (8, 12), (8, 13)
- DOWN: (9, 12), (9, 13)
- RIGHT: (9, 14), (9, 14)
- UP: (8, 14), (7, 14)
- LEFT: (8, 13), (7, 13)
- LEFT: (8, 12), (7, 12)
- LEFT: (8, 11), (7, 11)
- LEFT: (8, 10), (7, 10)
- LEFT: (8, 9), (7, 9)
- LEFT: (8, 8), (7, 8)
- DOWN: (9, 8), (9, 8)
--> GOAL: (9, 8), (9, 8)
Time: 141.2373 s
Memory: 93.61 MB