BOARD:
==========================================
[0, 0, 0, 0, 0, 0, 0, 0, 0, 0, 0, 0, 0, 0]
[0, 0, 0, 0, 0, 0, 0, 0, 0, 0, 0, 0, 0, 0]
[0, 0, 1, 1, 1, 0, 0, 0, 0, 0, 0, 0, 0, 0]
[0, 0, 1, 1, 1, 1, 1, 1, 0, 0, 0, 0, 0, 0]
[0, 0, 1, 1, 1, 1, 1, 1, 1, 1, 1, 0, 0, 0]
[0, 0, 0, 1, 1, 1, 1, 1, 1, 1, 1, 1, 0, 0]
[0, 0, 0, 0, 0, 0, 0, 1, 1, 2, 1, 1, 0, 0]
[0, 0, 0, 0, 0, 0, 0, 0, 1, 1, 1, 0, 0, 0]
[0, 0, 0, 0, 0, 0, 0, 0, 0, 0, 0, 0, 0, 0]
[0, 0, 0, 0, 0, 0, 0, 0, 0, 0, 0, 0, 0, 0]
==========================================
- START: (3, 3), (3, 3)
- DOWN: (4, 3), (5, 3)
- UP: (3, 3), (3, 3)
- RIGHT: (3, 4), (3, 5)
- LEFT: (3, 3), (3, 3)
- RIGHT: (3, 4), (3, 5)
- LEFT: (3, 3), (3, 3)
- RIGHT: (3, 4), (3, 5)
- LEFT: (3, 3), (3, 3)
- DOWN: (4, 3), (5, 3)
- RIGHT: (4, 4), (5, 4)
- RIGHT: (4, 5), (5, 5)
- RIGHT: (4, 6), (5, 6)
- RIGHT: (4, 7), (5, 7)
- RIGHT: (4, 8), (5, 8)
- RIGHT: (4, 9), (5, 9)
- RIGHT: (4, 10), (5, 10)
- DOWN: (6, 10), (6, 10)
- UP: (5, 10), (4, 10)
- LEFT: (5, 9), (4, 9)
- LEFT: (5, 8), (4, 8)
- DOWN: (6, 8), (6, 8)
- UP: (5, 8), (4, 8)
- DOWN: (6, 8), (6, 8)
- RIGHT: (6, 9), (6, 10)
- DOWN: (7, 9), (7, 10)
- LEFT: (7, 8), (7, 8)
- RIGHT: (7, 9), (7, 10)
- UP: (6, 9), (6, 10)
- LEFT: (6, 8), (6, 8)
- UP: (5, 8), (4, 8)
- DOWN: (6, 8), (6, 8)
- UP: (5, 8), (4, 8)
- RIGHT: (5, 9), (4, 9)
- DOWN: (6, 9), (6, 9)
--> GOAL: (6, 9), (6, 9)
Time: 5.6136 s
Memory: 69.21 MB