BOARD:
=========================================================
[0, 0, 0, 0, 0, 0, 0, 0, 0, 0, 0, 0, 0, 0, 0, 0, 0, 0, 0]
[0, 0, 0, 0, 0, 0, 0, 0, 0, 0, 0, 0, 0, 0, 0, 0, 0, 0, 0]
[0, 0, 0, 0, 0, 0, 0, 0, 0, 0, 0, 1, 1, 1, 0, 0, 0, 0, 0]
[0, 0, 0, 0, 0, 0, 0, 0, 0, 0, 0, 1, 1, 1, 0, 0, 0, 0, 0]
[0, 0, 0, 0, 0, 0, 0, 0, 0, 0, 0, 1, 1, 1, 0, 0, 0, 0, 0]
[0, 0, 1, 1, 1, 1, 1, 1, 0, 0, 0, 1, 1, 1, 1, 1, 1, 0, 0]
[0, 0, 1, 1, 1, 1, 8, 1, 0, 0, 0, 1, 1, 1, 1, 2, 1, 0, 0]
[0, 0, 1, 1, 1, 1, 1, 1, 0, 0, 0, 1, 1, 1, 1, 1, 1, 0, 0]
[0, 0, 0, 0, 0, 0, 0, 0, 0, 0, 0, 1, 1, 1, 0, 0, 0, 0, 0]
[0, 0, 0, 0, 0, 0, 0, 0, 0, 0, 0, 1, 1, 1, 0, 0, 0, 0, 0]
[0, 0, 0, 0, 0, 0, 0, 0, 0, 0, 0, 1, 1, 1, 0, 0, 0, 0, 0]
[0, 0, 0, 0, 0, 0, 0, 0, 0, 0, 0, 0, 0, 0, 0, 0, 0, 0, 0]
[0, 0, 0, 0, 0, 0, 0, 0, 0, 0, 0, 0, 0, 0, 0, 0, 0, 0, 0]
=========================================================
- START: (6, 3), (6, 3)
- RIGHT: (6, 4), (6, 5)
- DOWN: (7, 4), (7, 5)
- UP: (6, 4), (6, 5)
- NONE: (6, 4), (6, 5)
- UP: (5, 4), (5, 5)
- DOWN: (6, 4), (6, 5)
- DOWN: (7, 4), (7, 5)
- UP: (6, 4), (6, 5)
- LEFT: (6, 3), (6, 3)
- RIGHT: (6, 4), (6, 5)
- NONE: (6, 4), (6, 5)
- NONE: (6, 4), (6, 5)
- LEFT: (6, 3), (6, 3)
- RIGHT: (6, 4), (6, 5)
- RIGHT: (3, 12), (9, 12)
- CUBE 2 UP: (3, 12), (8, 12)
- CUBE 2 UP: (3, 12), (7, 12)
- CUBE 1 RIGHT: (3, 13), (7, 12)
- CUBE 1 LEFT: (3, 12), (7, 12)
- CUBE 2 DOWN: (3, 12), (8, 12)
- NONE: (3, 12), (8, 12)
- CUBE 2 UP: (3, 12), (7, 12)
- CUBE 2 RIGHT: (3, 12), (7, 13)
- NONE: (3, 12), (7, 13)
- CUBE 1 UP: (2, 12), (7, 13)
- CUBE 1 RIGHT: (2, 13), (7, 13)
- CUBE 2 DOWN: (2, 13), (8, 13)
- CUBE 2 UP: (2, 13), (7, 13)
- CUBE 2 RIGHT: (2, 13), (7, 14)
- CUBE 1 LEFT: (2, 12), (7, 14)
- CUBE 2 LEFT: (2, 12), (7, 13)
- CUBE 2 RIGHT: (2, 12), (7, 14)
- CUBE 1 DOWN: (3, 12), (7, 14)
- CUBE 1 DOWN: (4, 12), (7, 14)
- CUBE 1 RIGHT: (4, 13), (7, 14)
- CUBE 1 LEFT: (4, 12), (7, 14)
- CUBE 2 LEFT: (4, 12), (7, 13)
- CUBE 2 LEFT: (4, 12), (7, 12)
- CUBE 1 DOWN: (5, 12), (7, 12)
- CUBE 1 RIGHT: (5, 13), (7, 12)
- CUBE 1 RIGHT: (5, 14), (7, 12)
- NONE: (5, 14), (7, 12)
- CUBE 2 UP: (5, 14), (6, 12)
- CUBE 2 RIGHT: (5, 14), (6, 13)
- CUBE 1 RIGHT: (5, 15), (6, 13)
- CUBE 1 LEFT: (5, 14), (6, 13)
- CUBE 2 UP: (5, 14), (5, 13)
- NONE: (5, 14), (5, 13)
- RIGHT: (5, 15), (5, 15)
- NONE: (5, 15), (5, 15)
- NONE: (5, 15), (5, 15)
- LEFT: (5, 14), (5, 13)
- LEFT: (5, 12), (5, 12)
- NONE: (5, 12), (5, 12)
- NONE: (5, 12), (5, 12)
- RIGHT: (5, 13), (5, 14)
- NONE: (5, 13), (5, 14)
- DOWN: (6, 13), (6, 14)
- RIGHT: (6, 15), (6, 15)
--> GOAL: (6, 15), (6, 15)
Time: 20.7907 s
Memory: 107.21 MB