BOARD:
======================================================
[0, 0, 0, 0, 0, 0, 0, 0, 0, 0, 0, 0, 0, 0, 0, 0, 0, 0]
[0, 0, 0, 0, 0, 0, 0, 0, 0, 0, 0, 0, 0, 0, 0, 0, 0, 0]
[0, 0, 0, 0, 1, 1, 0, 0, 0, 0, 0, 0, 0, 0, 0, 0, 0, 0]
[0, 0, 0, 0, 1, 1, 1, 0, 0, 0, 0, 0, 0, 0, 0, 0, 0, 0]
[0, 0, 0, 0, 1, 1, 4, 0, 0, 0, 0, 0, 1, 1, 1, 0, 0, 0]
[0, 0, 0, 0, 0, 1, 1, 1, 1, 0, 0, 0, 1, 2, 1, 0, 0, 0]
[0, 0, 0, 0, 0, 0, 0, 0, 1, 1, 0, 0, 1, 1, 1, 0, 0, 0]
[0, 0, 0, 1, 1, 0, 0, 0, 1, 1, 0, 0, 0, 0, 0, 0, 0, 0]
[0, 0, 1, 1, 10, 1, 1, 1, 1, 1, 0, 0, 0, 0, 0, 0, 0, 0]
[0, 0, 1, 1, 1, 0, 0, 0, 1, 1, 0, 0, 0, 1, 1, 1, 0, 0]
[0, 0, 1, 1, 1, 0, 0, 0, 1, 1, 11, 1, 1, 1, 1, 1, 0, 0]
[0, 0, 0, 0, 0, 0, 0, 0, 0, 0, 0, 0, 0, 1, 1, 1, 0, 0]
[0, 0, 0, 0, 0, 0, 0, 0, 0, 0, 0, 0, 0, 0, 0, 0, 0, 0]
[0, 0, 0, 0, 0, 0, 0, 0, 0, 0, 0, 0, 0, 0, 0, 0, 0, 0]
======================================================
- START: (9, 3), (9, 3)
- UP: (8, 3), (7, 3)
- RIGHT: (8, 4), (7, 4)
- DOWN: (9, 4), (9, 4)
- LEFT: (9, 3), (9, 2)
- UP: (8, 3), (8, 2)
- RIGHT: (8, 4), (8, 4)
- DOWN: (9, 4), (10, 4)
- LEFT: (9, 3), (10, 3)
- UP: (8, 3), (8, 3)
- RIGHT: (8, 4), (8, 5)
- RIGHT: (8, 6), (8, 6)
- RIGHT: (8, 7), (8, 8)
- RIGHT: (8, 9), (8, 9)
- UP: (7, 9), (6, 9)
- LEFT: (7, 8), (6, 8)
- UP: (5, 8), (5, 8)
- LEFT: (5, 7), (5, 6)
- LEFT: (5, 5), (5, 5)
- UP: (4, 5), (3, 5)
- RIGHT: (4, 6), (3, 6)
- LEFT: (4, 5), (3, 5)
- DOWN: (5, 5), (5, 5)
- RIGHT: (5, 6), (5, 7)
- RIGHT: (5, 8), (5, 8)
- DOWN: (6, 8), (7, 8)
- DOWN: (8, 8), (8, 8)
- LEFT: (8, 7), (8, 6)
- LEFT: (8, 5), (8, 5)
- LEFT: (8, 4), (8, 3)
- LEFT: (8, 2), (8, 2)
- DOWN: (9, 2), (10, 2)
- RIGHT: (9, 3), (10, 3)
- RIGHT: (9, 4), (10, 4)
- UP: (8, 4), (8, 4)
- RIGHT: (8, 5), (8, 6)
- RIGHT: (8, 7), (8, 7)
- RIGHT: (8, 8), (8, 9)
- UP: (7, 8), (7, 9)
- UP: (6, 8), (6, 9)
- RIGHT: (6, 10), (6, 10)
- RIGHT: (6, 11), (6, 12)
- RIGHT: (6, 13), (6, 13)
- UP: (5, 13), (4, 13)
- RIGHT: (5, 14), (4, 14)
- DOWN: (6, 14), (6, 14)
- LEFT: (6, 13), (6, 12)
- UP: (5, 13), (5, 12)
- UP: (4, 13), (4, 12)
- RIGHT: (4, 14), (4, 14)
- DOWN: (5, 14), (6, 14)
- LEFT: (5, 13), (6, 13)
- UP: (4, 13), (4, 13)
- RIGHT: (4, 14), (4, 15)
- DOWN: (5, 14), (5, 15)
- LEFT: (5, 13), (5, 13)
--> GOAL: (5, 13), (5, 13)
Time: 0.2701 s
Memory: 31.78 MB