BOARD:
=========================================================
[0, 0, 0, 0, 0, 0, 0, 0, 0, 0, 0, 0, 0, 0, 0, 0, 0, 0, 0]
[0, 0, 0, 0, 0, 0, 0, 0, 0, 0, 0, 0, 0, 0, 0, 0, 0, 0, 0]
[0, 0, 0, 0, 0, 0, 0, 0, 0, 0, 0, 0, 0, 0, 1, 1, 1, 0, 0]
[0, 0, 0, 0, 1, 1, 1, 1, 1, 1, 1, 1, 0, 0, 1, 1, 1, 0, 0]
[0, 0, 0, 0, 1, 1, 1, 0, 0, 7, 1, 1, 0, 0, 1, 1, 1, 0, 0]
[0, 0, 0, 0, 1, 1, 1, 0, 0, 1, 1, 1, 0, 0, 0, 0, 0, 0, 0]
[0, 0, 0, 0, 1, 7, 1, 0, 0, 8, 1, 7, 0, 0, 0, 0, 0, 0, 0]
[0, 0, 0, 0, 1, 1, 1, 0, 0, 1, 1, 1, 0, 0, 0, 0, 0, 0, 0]
[0, 0, 1, 1, 1, 1, 0, 0, 0, 1, 1, 1, 0, 0, 4, 1, 1, 0, 0]
[0, 0, 1, 4, 0, 0, 0, 0, 0, 0, 0, 0, 0, 0, 1, 1, 1, 0, 0]
[0, 0, 0, 0, 0, 0, 0, 0, 0, 0, 0, 0, 0, 0, 1, 2, 1, 0, 0]
[0, 0, 0, 0, 0, 0, 0, 0, 0, 0, 0, 0, 0, 0, 1, 1, 1, 0, 0]
[0, 0, 0, 0, 0, 0, 0, 0, 0, 0, 0, 0, 0, 0, 0, 0, 0, 0, 0]
[0, 0, 0, 0, 0, 0, 0, 0, 0, 0, 0, 0, 0, 0, 0, 0, 0, 0, 0]
=========================================================
- START: (4, 10), (4, 10)
- DOWN: (5, 10), (6, 10)
- LEFT: (5, 9), (6, 9)
- DOWN: (7, 9), (7, 9)
- RIGHT: (7, 10), (7, 11)
- DOWN: (8, 10), (8, 11)
- LEFT: (8, 9), (8, 9)
- UP: (7, 9), (6, 9)
- UP: (5, 9), (5, 9)
- RIGHT: (5, 10), (5, 11)
- UP: (4, 10), (4, 11)
- UP: (3, 10), (3, 11)
- LEFT: (3, 9), (3, 9)
- LEFT: (3, 8), (3, 7)
- LEFT: (3, 6), (3, 6)
- DOWN: (4, 6), (5, 6)
- LEFT: (4, 5), (5, 5)
- LEFT: (4, 4), (5, 4)
- UP: (3, 4), (3, 4)
- RIGHT: (3, 5), (3, 6)
- DOWN: (4, 5), (4, 6)
- DOWN: (5, 5), (5, 6)
- LEFT: (5, 4), (5, 4)
- DOWN: (6, 4), (7, 4)
- DOWN: (8, 4), (8, 4)
- LEFT: (8, 3), (8, 2)
- DOWN: (9, 3), (9, 2)
- UP: (8, 3), (8, 2)
- RIGHT: (8, 4), (8, 4)
- UP: (7, 4), (6, 4)
- UP: (5, 4), (5, 4)
- RIGHT: (5, 5), (5, 6)
- UP: (4, 5), (4, 6)
- UP: (3, 5), (3, 6)
- RIGHT: (3, 7), (3, 7)
- RIGHT: (3, 8), (3, 9)
- RIGHT: (3, 10), (3, 10)
- DOWN: (4, 10), (5, 10)
- LEFT: (4, 9), (5, 9)
- DOWN: (3, 15), (9, 15)
- CUBE 1 LEFT: (3, 14), (9, 15)
- CUBE 1 LEFT: (3, 13), (9, 15)
- CUBE 1 LEFT: (3, 12), (9, 15)
- CUBE 1 LEFT: (3, 11), (9, 15)
- CUBE 1 DOWN: (4, 11), (9, 15)
- CUBE 1 DOWN: (5, 11), (9, 15)
- CUBE 1 DOWN: (6, 11), (9, 15)
- CUBE 1 DOWN: (7, 11), (9, 15)
- CUBE 1 DOWN: (8, 11), (9, 15)
- CUBE 2 UP: (8, 11), (8, 15)
- CUBE 2 LEFT: (8, 11), (8, 14)
- CUBE 2 DOWN: (8, 11), (9, 14)
- CUBE 1 RIGHT: (8, 12), (9, 14)
- CUBE 1 RIGHT: (8, 13), (9, 14)
- CUBE 1 RIGHT: (8, 14), (9, 14)
- RIGHT: (8, 15), (9, 15)
- DOWN: (10, 15), (10, 15)
--> GOAL: (10, 15), (10, 15)
Time: 29.504 s
Memory: 48.67 MB