BOARD:
=========================================================
[0, 0, 0, 0, 0, 0, 0, 0, 0, 0, 0, 0, 0, 0, 0, 0, 0, 0, 0]
[0, 0, 0, 0, 0, 0, 0, 0, 0, 0, 0, 0, 0, 0, 0, 0, 0, 0, 0]
[0, 0, 0, 1, 1, 1, 0, 0, 0, 0, 0, 0, 0, 0, 1, 1, 1, 0, 0]
[0, 0, 0, 1, 10, 1, 0, 0, 0, 0, 0, 0, 0, 0, 1, 6, 1, 0, 0]
[0, 0, 0, 1, 1, 1, 0, 0, 0, 1, 1, 1, 1, 1, 1, 1, 1, 0, 0]
[0, 0, 0, 1, 1, 1, 0, 0, 0, 1, 2, 1, 0, 0, 1, 1, 7, 0, 0]
[0, 0, 1, 0, 0, 0, 1, 0, 0, 1, 1, 1, 0, 0, 0, 0, 1, 0, 0]
[0, 0, 11, 0, 0, 0, 1, 0, 0, 5, 5, 5, 0, 0, 0, 0, 1, 0, 0]
[0, 0, 1, 0, 0, 1, 1, 1, 5, 5, 5, 5, 5, 1, 1, 1, 1, 0, 0]
[0, 0, 0, 0, 0, 1, 1, 1, 5, 5, 5, 5, 5, 1, 8, 1, 0, 0, 0]
[0, 0, 0, 0, 0, 1, 1, 1, 5, 5, 5, 5, 5, 1, 1, 1, 0, 0, 0]
[0, 0, 0, 0, 0, 1, 1, 1, 1, 1, 0, 0, 0, 0, 0, 0, 0, 0, 0]
[0, 0, 0, 0, 0, 0, 0, 0, 0, 0, 0, 0, 0, 0, 0, 0, 0, 0, 0]
[0, 0, 0, 0, 0, 0, 0, 0, 0, 0, 0, 0, 0, 0, 0, 0, 0, 0, 0]
=========================================================
- START: (9, 6), (9, 6)
- RIGHT: (9, 7), (9, 8)
- DOWN: (10, 7), (10, 8)
- DOWN: (11, 7), (11, 8)
- RIGHT: (11, 9), (11, 9)
- UP: (10, 9), (9, 9)
- RIGHT: (10, 10), (9, 10)
- RIGHT: (10, 11), (9, 11)
- RIGHT: (10, 12), (9, 12)
- RIGHT: (10, 13), (9, 13)
- UP: (8, 13), (8, 13)
- RIGHT: (8, 14), (8, 15)
- RIGHT: (8, 16), (8, 16)
- UP: (7, 16), (6, 16)
- UP: (5, 16), (5, 16)
- UP: (4, 16), (3, 16)
- LEFT: (4, 15), (3, 15)
- RIGHT: (4, 16), (3, 16)
- DOWN: (5, 16), (5, 16)
- DOWN: (6, 16), (7, 16)
- DOWN: (8, 16), (8, 16)
- LEFT: (8, 15), (8, 14)
- LEFT: (8, 13), (8, 13)
- DOWN: (9, 13), (10, 13)
- LEFT: (9, 12), (10, 12)
- LEFT: (9, 11), (10, 11)
- LEFT: (9, 10), (10, 10)
- LEFT: (9, 9), (10, 9)
- LEFT: (9, 8), (10, 8)
- DOWN: (11, 8), (11, 8)
- RIGHT: (11, 9), (11, 10)
- UP: (10, 9), (10, 10)
- UP: (9, 9), (9, 10)
- UP: (8, 9), (8, 10)
- UP: (7, 9), (7, 10)
- UP: (6, 9), (6, 10)
- UP: (5, 9), (5, 10)
- RIGHT: (5, 11), (5, 11)
- DOWN: (6, 11), (7, 11)
- LEFT: (6, 10), (7, 10)
- UP: (5, 10), (5, 10)
--> GOAL: (5, 10), (5, 10)
Time: 12.5372 s
Memory: 43.12 MB