BOARD:
=========================================================
[0, 0, 0, 0, 0, 0, 0, 0, 0, 0, 0, 0, 0, 0, 0, 0, 0, 0, 0]
[0, 0, 0, 0, 0, 0, 0, 0, 0, 0, 0, 0, 0, 0, 0, 0, 0, 0, 0]
[0, 0, 0, 0, 0, 0, 0, 0, 1, 1, 1, 1, 1, 1, 1, 0, 0, 0, 0]
[0, 0, 1, 1, 1, 1, 0, 0, 1, 1, 1, 0, 0, 1, 1, 0, 0, 0, 0]
[0, 0, 1, 1, 1, 1, 1, 1, 1, 1, 1, 0, 0, 1, 1, 1, 1, 0, 0]
[0, 0, 1, 1, 1, 1, 0, 0, 0, 0, 0, 0, 0, 1, 1, 2, 1, 0, 0]
[0, 0, 1, 1, 1, 1, 0, 0, 0, 0, 0, 0, 0, 0, 1, 1, 1, 0, 0]
[0, 0, 0, 0, 0, 0, 0, 0, 0, 0, 0, 0, 0, 0, 0, 0, 0, 0, 0]
[0, 0, 0, 0, 0, 0, 0, 0, 0, 0, 0, 0, 0, 0, 0, 0, 0, 0, 0]
=========================================================
- START: (5, 3), (5, 3)
- UP: (4, 3), (3, 3)
- RIGHT: (4, 4), (3, 4)
- DOWN: (5, 4), (5, 4)
- LEFT: (5, 3), (5, 2)
- UP: (4, 3), (4, 2)
- RIGHT: (4, 4), (4, 4)
- RIGHT: (4, 5), (4, 6)
- RIGHT: (4, 7), (4, 7)
- RIGHT: (4, 8), (4, 9)
- UP: (3, 8), (3, 9)
- UP: (2, 8), (2, 9)
- RIGHT: (2, 10), (2, 10)
- DOWN: (3, 10), (4, 10)
- LEFT: (3, 9), (4, 9)
- UP: (2, 9), (2, 9)
- RIGHT: (2, 10), (2, 11)
- RIGHT: (2, 12), (2, 12)
- RIGHT: (2, 13), (2, 14)
- DOWN: (3, 13), (3, 14)
- DOWN: (4, 13), (4, 14)
- DOWN: (5, 13), (5, 14)
- RIGHT: (5, 15), (5, 15)
--> GOAL: (5, 15), (5, 15)
Time: 0.0393 s
Memory: 30.18 MB