BOARD:
======================================================
[0, 0, 0, 0, 0, 0, 0, 0, 0, 0, 0, 0, 0, 0, 0, 0, 0, 0]
[0, 0, 0, 0, 0, 0, 0, 0, 0, 0, 0, 0, 0, 0, 0, 0, 0, 0]
[0, 0, 1, 1, 1, 0, 0, 0, 0, 0, 1, 1, 1, 1, 1, 1, 0, 0]
[0, 0, 1, 2, 1, 0, 0, 1, 0, 0, 1, 1, 1, 1, 8, 1, 0, 0]
[0, 0, 1, 1, 1, 0, 0, 0, 0, 0, 1, 1, 1, 1, 0, 0, 0, 0]
[0, 0, 0, 0, 0, 0, 0, 0, 0, 0, 0, 1, 1, 1, 0, 0, 0, 0]
[0, 0, 0, 0, 0, 0, 0, 0, 0, 0, 0, 0, 0, 1, 1, 0, 0, 0]
[0, 0, 0, 0, 0, 0, 0, 0, 0, 0, 0, 0, 0, 0, 1, 0, 0, 0]
[0, 0, 0, 0, 0, 0, 0, 0, 0, 0, 0, 0, 0, 0, 1, 0, 0, 0]
[0, 0, 0, 0, 0, 0, 0, 0, 0, 0, 0, 0, 0, 1, 1, 0, 0, 0]
[0, 0, 0, 0, 0, 0, 1, 1, 1, 1, 1, 0, 0, 1, 1, 0, 0, 0]
[0, 0, 0, 0, 0, 0, 1, 4, 0, 0, 1, 1, 1, 3, 1, 0, 0, 0]
[0, 0, 0, 0, 0, 0, 0, 0, 0, 0, 0, 0, 0, 0, 0, 0, 0, 0]
[0, 0, 0, 0, 0, 0, 0, 0, 0, 0, 0, 0, 0, 0, 0, 0, 0, 0]
======================================================
- START: (3, 11), (3, 11)
- RIGHT: (3, 12), (3, 13)
- RIGHT: (3, 11), (3, 14)
- CUBE 1 DOWN: (4, 11), (3, 14)
- CUBE 1 DOWN: (5, 11), (3, 14)
- CUBE 1 RIGHT: (5, 12), (3, 14)
- CUBE 1 RIGHT: (5, 13), (3, 14)
- CUBE 1 DOWN: (6, 13), (3, 14)
- CUBE 1 RIGHT: (6, 14), (3, 14)
- CUBE 1 DOWN: (7, 14), (3, 14)
- CUBE 1 DOWN: (8, 14), (3, 14)
- CUBE 1 DOWN: (9, 14), (3, 14)
- CUBE 1 DOWN: (10, 14), (3, 14)
- CUBE 1 DOWN: (11, 14), (3, 14)
- CUBE 1 LEFT: (11, 13), (3, 14)
- CUBE 1 LEFT: (11, 12), (3, 14)
- CUBE 1 LEFT: (11, 11), (3, 14)
- CUBE 1 LEFT: (11, 10), (3, 14)
- CUBE 1 UP: (10, 10), (3, 14)
- CUBE 1 LEFT: (10, 9), (3, 14)
- CUBE 1 LEFT: (10, 8), (3, 14)
- CUBE 1 LEFT: (10, 7), (3, 14)
- CUBE 1 DOWN: (11, 7), (3, 14)
- CUBE 1 UP: (10, 7), (3, 14)
- CUBE 1 RIGHT: (10, 8), (3, 14)
- CUBE 1 RIGHT: (10, 9), (3, 14)
- CUBE 1 RIGHT: (10, 10), (3, 14)
- CUBE 1 DOWN: (11, 10), (3, 14)
- CUBE 1 RIGHT: (11, 11), (3, 14)
- CUBE 1 RIGHT: (11, 12), (3, 14)
- CUBE 1 RIGHT: (11, 13), (3, 14)
- CUBE 1 UP: (10, 13), (3, 14)
- CUBE 2 LEFT: (10, 13), (3, 13)
- CUBE 2 DOWN: (10, 13), (4, 13)
- CUBE 2 DOWN: (10, 13), (5, 13)
- CUBE 2 DOWN: (10, 13), (6, 13)
- CUBE 2 RIGHT: (10, 13), (6, 14)
- CUBE 2 DOWN: (10, 13), (7, 14)
- CUBE 2 DOWN: (10, 13), (8, 14)
- CUBE 2 DOWN: (10, 13), (9, 14)
- CUBE 2 LEFT: (10, 13), (9, 13)
- DOWN: (11, 13), (11, 13)
- UP: (10, 13), (9, 13)
- RIGHT: (10, 14), (9, 14)
- UP: (8, 14), (8, 14)
- UP: (7, 14), (6, 14)
- UP: (5, 14), (5, 14)
- UP: (4, 14), (3, 14)
- LEFT: (4, 13), (3, 13)
- LEFT: (4, 12), (3, 12)
- UP: (2, 12), (2, 12)
- LEFT: (2, 11), (2, 10)
- DOWN: (3, 11), (3, 10)
- LEFT: (3, 9), (3, 9)
- LEFT: (3, 8), (3, 7)
- LEFT: (3, 6), (3, 6)
- LEFT: (3, 5), (3, 4)
- LEFT: (3, 3), (3, 3)
--> GOAL: (3, 3), (3, 3)
Time: 12.9016 s
Memory: 44.17 MB