BOARD:
=========================================================
[0, 0, 0, 0, 0, 0, 0, 0, 0, 0, 0, 0, 0, 0, 0, 0, 0, 0, 0]
[0, 0, 0, 0, 0, 0, 0, 0, 0, 0, 0, 0, 0, 0, 0, 0, 0, 0, 0]
[0, 0, 1, 1, 1, 0, 0, 0, 0, 0, 0, 0, 0, 0, 0, 0, 0, 0, 0]
[0, 0, 1, 1, 1, 1, 1, 1, 1, 1, 1, 0, 0, 0, 1, 1, 1, 0, 0]
[0, 0, 1, 1, 1, 0, 0, 0, 0, 0, 1, 1, 1, 1, 1, 2, 1, 0, 0]
[0, 0, 1, 1, 1, 0, 0, 0, 0, 0, 0, 0, 0, 0, 9, 10, 1, 0, 0]
[0, 0, 1, 1, 1, 0, 0, 0, 0, 0, 0, 0, 0, 0, 0, 0, 0, 0, 0]
[0, 0, 1, 1, 1, 0, 0, 0, 0, 0, 0, 0, 0, 0, 0, 0, 0, 0, 0]
[0, 0, 1, 1, 1, 0, 0, 0, 0, 1, 1, 1, 1, 1, 10, 0, 0, 0, 0]
[0, 0, 1, 1, 1, 1, 1, 1, 1, 1, 0, 0, 0, 1, 1, 0, 0, 0, 0]
[0, 0, 1, 4, 1, 0, 0, 0, 0, 0, 0, 0, 0, 1, 1, 0, 0, 0, 0]
[0, 0, 1, 1, 1, 0, 0, 0, 0, 0, 0, 0, 0, 1, 12, 0, 0, 0, 0]
[0, 0, 0, 0, 0, 0, 0, 0, 0, 0, 0, 0, 0, 0, 0, 0, 0, 0, 0]
[0, 0, 0, 0, 0, 0, 0, 0, 0, 0, 0, 0, 0, 0, 0, 0, 0, 0, 0]
=========================================================
- START: (3, 3), (3, 3)
- DOWN: (4, 3), (5, 3)
- DOWN: (6, 3), (6, 3)
- DOWN: (7, 3), (8, 3)
- DOWN: (9, 3), (9, 3)
- DOWN: (10, 3), (11, 3)
- LEFT: (10, 2), (11, 2)
- UP: (9, 2), (9, 2)
- RIGHT: (9, 3), (9, 4)
- RIGHT: (9, 5), (9, 5)
- RIGHT: (9, 6), (9, 7)
- RIGHT: (9, 8), (9, 8)
- RIGHT: (9, 9), (9, 10)
- UP: (8, 9), (8, 10)
- RIGHT: (8, 11), (8, 11)
- RIGHT: (8, 12), (8, 13)
- RIGHT: (8, 14), (8, 14)
- LEFT: (8, 13), (8, 12)
- LEFT: (8, 11), (8, 11)
- LEFT: (8, 10), (8, 9)
- DOWN: (9, 10), (9, 9)
- LEFT: (9, 8), (9, 8)
- LEFT: (9, 7), (9, 6)
- LEFT: (9, 5), (9, 5)
- LEFT: (9, 4), (9, 3)
- UP: (8, 4), (8, 3)
- UP: (7, 4), (7, 3)
- UP: (6, 4), (6, 3)
- UP: (5, 4), (5, 3)
- UP: (4, 4), (4, 3)
- UP: (3, 4), (3, 3)
- RIGHT: (3, 5), (3, 5)
- RIGHT: (3, 6), (3, 7)
- RIGHT: (3, 8), (3, 8)
- RIGHT: (3, 9), (3, 10)
- DOWN: (4, 9), (4, 10)
- RIGHT: (4, 11), (4, 11)
- RIGHT: (4, 12), (4, 13)
- RIGHT: (4, 14), (4, 14)
- RIGHT: (4, 15), (4, 16)
- DOWN: (5, 15), (5, 16)
- LEFT: (5, 14), (5, 14)
- UP: (4, 14), (3, 14)
- RIGHT: (4, 15), (3, 15)
- DOWN: (5, 15), (5, 15)
- UP: (4, 15), (3, 15)
- RIGHT: (4, 16), (3, 16)
- DOWN: (5, 16), (5, 16)
- LEFT: (5, 15), (5, 14)
- UP: (4, 15), (4, 14)
- UP: (3, 15), (3, 14)
- RIGHT: (3, 16), (3, 16)
- DOWN: (4, 16), (5, 16)
- LEFT: (4, 15), (5, 15)
- LEFT: (4, 14), (5, 14)
- UP: (3, 14), (3, 14)
- RIGHT: (3, 15), (3, 16)
- DOWN: (4, 15), (4, 16)
- LEFT: (4, 14), (4, 14)
- LEFT: (4, 13), (4, 12)
- LEFT: (4, 11), (4, 11)
- LEFT: (4, 10), (4, 9)
- UP: (3, 10), (3, 9)
- LEFT: (3, 8), (3, 8)
- LEFT: (3, 7), (3, 6)
- LEFT: (3, 5), (3, 5)
- LEFT: (3, 4), (3, 3)
- DOWN: (4, 4), (4, 3)
- DOWN: (5, 4), (5, 3)
- DOWN: (6, 4), (6, 3)
- DOWN: (7, 4), (7, 3)
- DOWN: (8, 4), (8, 3)
- DOWN: (9, 4), (9, 3)
- RIGHT: (9, 5), (9, 5)
- RIGHT: (9, 6), (9, 7)
- RIGHT: (9, 8), (9, 8)
- RIGHT: (9, 9), (9, 10)
- UP: (8, 9), (8, 10)
- RIGHT: (8, 11), (8, 11)
- RIGHT: (8, 12), (8, 13)
- RIGHT: (8, 14), (8, 14)
- DOWN: (9, 14), (10, 14)
- DOWN: (11, 14), (11, 14)
- UP: (10, 14), (9, 14)
- LEFT: (10, 13), (9, 13)
- UP: (8, 13), (8, 13)
- LEFT: (8, 12), (8, 11)
- LEFT: (8, 10), (8, 10)
- LEFT: (8, 9), (8, 8)
- DOWN: (9, 9), (9, 8)
- LEFT: (9, 7), (9, 7)
- LEFT: (9, 6), (9, 5)
- LEFT: (9, 4), (9, 4)
- UP: (8, 4), (7, 4)
- UP: (6, 4), (6, 4)
- UP: (5, 4), (4, 4)
- LEFT: (5, 3), (4, 3)
- UP: (3, 3), (3, 3)
- RIGHT: (3, 4), (3, 5)
- RIGHT: (3, 6), (3, 6)
- RIGHT: (3, 7), (3, 8)
- RIGHT: (3, 9), (3, 9)
- RIGHT: (3, 10), (3, 11)
- DOWN: (4, 10), (4, 11)
- RIGHT: (4, 12), (4, 12)
- RIGHT: (4, 13), (4, 14)
- RIGHT: (4, 15), (4, 15)
--> GOAL: (4, 15), (4, 15)
Time: 0.8286 s
Memory: 33.78 MB