BOARD:
===================================================
[0, 0, 0, 0, 0, 0, 0, 0, 0, 0, 0, 0, 0, 0, 0, 0, 0]
[0, 0, 0, 0, 0, 0, 0, 0, 0, 0, 0, 0, 0, 0, 0, 0, 0]
[0, 0, 0, 0, 0, 0, 0, 6, 0, 0, 0, 0, 0, 0, 0, 0, 0]
[1, 1, 7, 1, 0, 0, 0, 1, 0, 0, 0, 0, 0, 0, 0, 0, 0]
[1, 1, 1, 1, 1, 0, 0, 1, 0, 0, 0, 0, 0, 0, 0, 0, 0]
[1, 7, 1, 1, 1, 1, 1, 1, 0, 0, 1, 1, 0, 0, 1, 0, 0]
[1, 1, 1, 1, 1, 0, 0, 0, 1, 0, 0, 0, 1, 0, 0, 0, 0]
[1, 1, 7, 1, 0, 0, 0, 0, 1, 0, 0, 0, 1, 0, 0, 0, 0]
[1, 0, 0, 0, 0, 0, 0, 0, 6, 0, 0, 1, 1, 1, 0, 0, 0]
[1, 0, 0, 0, 0, 0, 0, 0, 0, 0, 1, 1, 2, 1, 0, 0, 0]
[1, 0, 0, 3, 0, 0, 0, 0, 0, 0, 1, 1, 1, 1, 0, 0, 0]
[0, 0, 0, 0, 0, 0, 0, 0, 0, 0, 0, 0, 0, 0, 0, 0, 0]
[0, 0, 0, 0, 0, 0, 0, 0, 0, 0, 0, 0, 0, 0, 0, 0, 0]
===================================================
- START: (5, 2), (5, 2)
- UP: (4, 2), (3, 2)
- LEFT: (4, 1), (3, 1)
- DOWN: (5, 1), (5, 1)
- RIGHT: (5, 2), (5, 3)
- RIGHT: (5, 4), (5, 4)
- RIGHT: (5, 5), (5, 6)
- RIGHT: (5, 7), (5, 7)
- UP: (4, 7), (3, 7)
- UP: (2, 7), (2, 7)
- DOWN: (3, 7), (4, 7)
- DOWN: (5, 7), (5, 7)
- LEFT: (5, 6), (5, 5)
- LEFT: (5, 4), (5, 4)
- LEFT: (5, 3), (5, 2)
- UP: (4, 3), (4, 2)
- RIGHT: (4, 4), (4, 4)
- DOWN: (5, 4), (6, 4)
- LEFT: (5, 3), (6, 3)
- LEFT: (5, 2), (6, 2)
- UP: (4, 2), (4, 2)
- RIGHT: (4, 3), (4, 4)
- DOWN: (5, 3), (5, 4)
- RIGHT: (5, 5), (5, 5)
- RIGHT: (5, 6), (5, 7)
- RIGHT: (5, 8), (5, 8)
- DOWN: (6, 8), (7, 8)
- DOWN: (8, 8), (8, 8)
- UP: (7, 8), (6, 8)
- UP: (5, 8), (5, 8)
- LEFT: (5, 7), (5, 6)
- LEFT: (5, 5), (5, 5)
- LEFT: (5, 4), (5, 3)
- UP: (4, 4), (4, 3)
- LEFT: (4, 2), (4, 2)
- DOWN: (5, 2), (6, 2)
- RIGHT: (5, 3), (6, 3)
- UP: (4, 3), (4, 3)
- LEFT: (4, 2), (4, 1)
- LEFT: (4, 0), (4, 0)
- DOWN: (5, 0), (6, 0)
- DOWN: (7, 0), (7, 0)
- DOWN: (8, 0), (9, 0)
- DOWN: (10, 0), (10, 0)
- RIGHT: (10, 1), (10, 2)
- RIGHT: (10, 3), (10, 3)
- LEFT: (10, 2), (10, 1)
- LEFT: (10, 0), (10, 0)
- UP: (9, 0), (8, 0)
- UP: (7, 0), (7, 0)
- UP: (6, 0), (5, 0)
- UP: (4, 0), (4, 0)
- RIGHT: (4, 1), (4, 2)
- RIGHT: (4, 3), (4, 3)
- DOWN: (5, 3), (6, 3)
- RIGHT: (5, 4), (6, 4)
- UP: (4, 4), (4, 4)
- LEFT: (4, 3), (4, 2)
- DOWN: (5, 3), (5, 2)
- RIGHT: (5, 4), (5, 4)
- DOWN: (6, 4), (7, 4)
- LEFT: (6, 3), (7, 3)
- UP: (5, 3), (5, 3)
- RIGHT: (5, 4), (5, 5)
- RIGHT: (5, 6), (5, 6)
- RIGHT: (5, 7), (5, 8)
- RIGHT: (5, 9), (5, 9)
- RIGHT: (5, 10), (5, 11)
- RIGHT: (5, 12), (5, 12)
- DOWN: (6, 12), (7, 12)
- DOWN: (8, 12), (8, 12)
- DOWN: (9, 12), (10, 12)
- RIGHT: (9, 13), (10, 13)
- UP: (8, 13), (8, 13)
- LEFT: (8, 12), (8, 11)
- DOWN: (9, 12), (9, 11)
- DOWN: (10, 12), (10, 11)
- RIGHT: (10, 13), (10, 13)
- UP: (9, 13), (8, 13)
- LEFT: (9, 12), (8, 12)
- DOWN: (10, 12), (10, 12)
- LEFT: (10, 11), (10, 10)
- UP: (9, 11), (9, 10)
- RIGHT: (9, 12), (9, 12)
--> GOAL: (9, 12), (9, 12)
Time: 0.3654 s
Memory: 32.18 MB