BOARD:
======================================================
[0, 0, 0, 0, 0, 0, 0, 0, 0, 0, 0, 0, 0, 0, 0, 0, 0, 0]
[0, 0, 0, 0, 0, 0, 0, 0, 0, 0, 0, 0, 0, 0, 0, 0, 0, 0]
[0, 0, 0, 0, 0, 0, 0, 1, 1, 0, 0, 0, 0, 1, 1, 1, 0, 0]
[0, 0, 0, 0, 0, 1, 1, 1, 1, 1, 1, 0, 0, 1, 2, 1, 0, 0]
[0, 0, 1, 1, 1, 1, 1, 1, 7, 1, 1, 1, 1, 1, 1, 1, 0, 0]
[0, 0, 1, 1, 1, 1, 7, 0, 0, 1, 1, 1, 1, 1, 0, 0, 0, 0]
[0, 0, 1, 1, 1, 0, 0, 0, 0, 0, 0, 1, 1, 1, 0, 0, 0, 0]
[0, 0, 0, 1, 0, 0, 0, 0, 0, 0, 0, 0, 1, 0, 0, 0, 0, 0]
[0, 0, 0, 1, 0, 0, 0, 0, 0, 0, 0, 0, 1, 0, 0, 0, 0, 0]
[0, 0, 0, 1, 0, 0, 0, 0, 0, 0, 0, 1, 1, 0, 0, 0, 0, 0]
[0, 0, 0, 1, 1, 0, 0, 0, 0, 0, 0, 1, 1, 0, 0, 0, 0, 0]
[0, 0, 0, 0, 3, 0, 0, 0, 0, 0, 0, 3, 0, 0, 0, 0, 0, 0]
[0, 0, 0, 0, 0, 0, 0, 0, 0, 0, 0, 0, 0, 0, 0, 0, 0, 0]
[0, 0, 0, 0, 0, 0, 0, 0, 0, 0, 0, 0, 0, 0, 0, 0, 0, 0]
======================================================
- START: (5, 3), (5, 3)
- RIGHT: (5, 4), (5, 5)
- UP: (4, 4), (4, 5)
- RIGHT: (4, 6), (4, 6)
- RIGHT: (4, 7), (4, 8)
- RIGHT: (4, 9), (4, 9)
- RIGHT: (4, 10), (4, 11)
- DOWN: (5, 10), (5, 11)
- RIGHT: (5, 12), (5, 12)
- DOWN: (6, 12), (7, 12)
- DOWN: (8, 12), (8, 12)
- DOWN: (9, 12), (10, 12)
- LEFT: (9, 11), (10, 11)
- DOWN: (11, 11), (11, 11)
- UP: (10, 11), (9, 11)
- RIGHT: (10, 12), (9, 12)
- UP: (8, 12), (8, 12)
- UP: (7, 12), (6, 12)
- UP: (5, 12), (5, 12)
- LEFT: (5, 11), (5, 10)
- UP: (4, 11), (4, 10)
- RIGHT: (4, 12), (4, 12)
- DOWN: (5, 12), (6, 12)
- LEFT: (5, 11), (6, 11)
- UP: (4, 11), (4, 11)
- LEFT: (4, 10), (4, 9)
- UP: (3, 10), (3, 9)
- LEFT: (3, 8), (3, 8)
- LEFT: (3, 7), (3, 6)
- DOWN: (4, 7), (4, 6)
- LEFT: (4, 5), (4, 5)
- LEFT: (4, 4), (4, 3)
- LEFT: (4, 2), (4, 2)
- DOWN: (5, 2), (6, 2)
- RIGHT: (5, 3), (6, 3)
- UP: (4, 3), (4, 3)
- RIGHT: (4, 4), (4, 5)
- DOWN: (5, 4), (5, 5)
- LEFT: (5, 3), (5, 3)
- DOWN: (6, 3), (7, 3)
- DOWN: (8, 3), (8, 3)
- DOWN: (9, 3), (10, 3)
- RIGHT: (9, 4), (10, 4)
- DOWN: (11, 4), (11, 4)
- UP: (10, 4), (9, 4)
- LEFT: (10, 3), (9, 3)
- UP: (8, 3), (8, 3)
- UP: (7, 3), (6, 3)
- UP: (5, 3), (5, 3)
- RIGHT: (5, 4), (5, 5)
- UP: (4, 4), (4, 5)
- LEFT: (4, 3), (4, 3)
- DOWN: (5, 3), (6, 3)
- RIGHT: (5, 4), (6, 4)
- UP: (4, 4), (4, 4)
- RIGHT: (4, 5), (4, 6)
- UP: (3, 5), (3, 6)
- RIGHT: (3, 7), (3, 7)
- RIGHT: (3, 8), (3, 9)
- RIGHT: (3, 10), (3, 10)
- DOWN: (4, 10), (5, 10)
- RIGHT: (4, 11), (5, 11)
- RIGHT: (4, 12), (5, 12)
- RIGHT: (4, 13), (5, 13)
- RIGHT: (4, 14), (5, 14)
- UP: (3, 14), (3, 14)
--> GOAL: (3, 14), (3, 14)
Time: 0.181 s
Memory: 31.26 MB