BOARD:
=========================================================
[0, 0, 0, 0, 0, 0, 0, 0, 0, 0, 0, 0, 0, 0, 0, 0, 0, 0, 0]
[0, 0, 0, 0, 0, 0, 0, 0, 0, 0, 0, 0, 0, 0, 0, 0, 0, 0, 0]
[0, 0, 1, 1, 1, 1, 0, 0, 0, 1, 0, 0, 0, 1, 1, 1, 1, 0, 0]
[0, 0, 1, 1, 1, 1, 0, 0, 0, 1, 0, 0, 0, 1, 1, 8, 1, 0, 0]
[0, 0, 1, 1, 1, 1, 1, 1, 1, 1, 1, 1, 1, 1, 1, 1, 1, 0, 0]
[0, 0, 0, 0, 0, 0, 0, 0, 1, 2, 1, 0, 0, 0, 0, 0, 0, 0, 0]
[0, 0, 0, 0, 0, 0, 0, 0, 1, 1, 1, 0, 0, 0, 0, 0, 0, 0, 0]
[0, 0, 0, 0, 0, 0, 0, 0, 0, 0, 0, 0, 0, 0, 0, 0, 0, 0, 0]
[0, 0, 0, 0, 0, 0, 0, 0, 0, 0, 0, 0, 0, 0, 0, 0, 0, 0, 0]
=========================================================
- START: (3, 3), (3, 3)
- RIGHT: (3, 4), (3, 5)
- DOWN: (4, 4), (4, 5)
- RIGHT: (4, 6), (4, 6)
- RIGHT: (4, 7), (4, 8)
- RIGHT: (4, 9), (4, 9)
- RIGHT: (4, 10), (4, 11)
- RIGHT: (4, 12), (4, 12)
- RIGHT: (4, 13), (4, 14)
- UP: (3, 13), (3, 14)
- RIGHT: (3, 4), (3, 14)
- CUBE 1 DOWN: (4, 4), (3, 14)
- CUBE 1 RIGHT: (4, 5), (3, 14)
- CUBE 1 RIGHT: (4, 6), (3, 14)
- CUBE 1 RIGHT: (4, 7), (3, 14)
- CUBE 1 RIGHT: (4, 8), (3, 14)
- CUBE 1 RIGHT: (4, 9), (3, 14)
- CUBE 1 UP: (3, 9), (3, 14)
- CUBE 2 DOWN: (3, 9), (4, 14)
- CUBE 2 LEFT: (3, 9), (4, 13)
- CUBE 2 LEFT: (3, 9), (4, 12)
- CUBE 2 LEFT: (3, 9), (4, 11)
- CUBE 2 LEFT: (3, 9), (4, 10)
- CUBE 2 LEFT: (3, 9), (4, 9)
- DOWN: (5, 9), (5, 9)
--> GOAL: (5, 9), (5, 9)
Time: 0.8077 s
Memory: 32.2 MB