BOARD:
=========================================================
[0, 0, 0, 0, 0, 0, 0, 0, 0, 0, 0, 0, 0, 0, 0, 0, 0, 0, 0]
[0, 0, 0, 0, 0, 0, 0, 0, 0, 0, 0, 0, 0, 0, 0, 0, 0, 0, 0]
[0, 0, 0, 0, 0, 0, 0, 0, 0, 0, 1, 1, 0, 0, 0, 0, 0, 0, 0]
[0, 0, 0, 0, 0, 0, 0, 0, 0, 1, 1, 1, 0, 0, 0, 0, 0, 0, 0]
[0, 0, 1, 1, 0, 0, 1, 1, 1, 1, 1, 1, 0, 0, 0, 0, 0, 0, 0]
[0, 0, 1, 1, 1, 1, 1, 1, 0, 0, 1, 0, 0, 0, 0, 0, 0, 0, 0]
[0, 0, 1, 1, 1, 1, 0, 0, 0, 0, 1, 0, 0, 0, 1, 1, 1, 0, 0]
[0, 0, 0, 1, 1, 0, 0, 0, 0, 0, 3, 1, 1, 1, 1, 2, 1, 0, 0]
[0, 0, 0, 0, 1, 0, 0, 0, 0, 0, 3, 1, 0, 0, 1, 1, 1, 0, 0]
[0, 0, 0, 0, 1, 1, 1, 0, 0, 0, 1, 1, 0, 0, 0, 0, 0, 0, 0]
[0, 0, 0, 0, 0, 1, 1, 1, 0, 0, 1, 1, 0, 0, 0, 0, 0, 0, 0]
[0, 0, 0, 0, 0, 0, 1, 1, 1, 1, 1, 1, 0, 0, 0, 0, 0, 0, 0]
[0, 0, 0, 0, 0, 0, 0, 0, 0, 0, 0, 0, 0, 0, 0, 0, 0, 0, 0]
[0, 0, 0, 0, 0, 0, 0, 0, 0, 0, 0, 0, 0, 0, 0, 0, 0, 0, 0]
=========================================================
- START: (5, 3), (5, 3)
- RIGHT: (5, 4), (5, 5)
- DOWN: (6, 4), (6, 5)
- LEFT: (6, 3), (6, 3)
- UP: (5, 3), (4, 3)
- LEFT: (5, 2), (4, 2)
- DOWN: (6, 2), (6, 2)
- RIGHT: (6, 3), (6, 4)
- UP: (5, 3), (5, 4)
- RIGHT: (5, 5), (5, 5)
- RIGHT: (5, 6), (5, 7)
- UP: (4, 6), (4, 7)
- RIGHT: (4, 8), (4, 8)
- RIGHT: (4, 9), (4, 10)
- RIGHT: (4, 11), (4, 11)
- UP: (3, 11), (2, 11)
- LEFT: (3, 10), (2, 10)
- DOWN: (4, 10), (4, 10)
- DOWN: (5, 10), (6, 10)
- DOWN: (7, 10), (7, 10)
- UP: (6, 10), (5, 10)
- UP: (4, 10), (4, 10)
- UP: (3, 10), (2, 10)
- RIGHT: (3, 11), (2, 11)
- DOWN: (4, 11), (4, 11)
- LEFT: (4, 10), (4, 9)
- LEFT: (4, 8), (4, 8)
- LEFT: (4, 7), (4, 6)
- DOWN: (5, 7), (5, 6)
- LEFT: (5, 5), (5, 5)
- LEFT: (5, 4), (5, 3)
- DOWN: (6, 4), (6, 3)
- LEFT: (6, 2), (6, 2)
- UP: (5, 2), (4, 2)
- RIGHT: (5, 3), (4, 3)
- DOWN: (6, 3), (6, 3)
- RIGHT: (6, 4), (6, 5)
- UP: (5, 4), (5, 5)
- LEFT: (5, 3), (5, 3)
- DOWN: (6, 3), (7, 3)
- RIGHT: (6, 4), (7, 4)
- UP: (5, 4), (5, 4)
- LEFT: (5, 3), (5, 2)
- DOWN: (6, 3), (6, 2)
- RIGHT: (6, 4), (6, 4)
- DOWN: (7, 4), (8, 4)
- DOWN: (9, 4), (9, 4)
- RIGHT: (9, 5), (9, 6)
- DOWN: (10, 5), (10, 6)
- DOWN: (11, 5), (11, 6)
- RIGHT: (11, 7), (11, 7)
- RIGHT: (11, 8), (11, 9)
- RIGHT: (11, 10), (11, 10)
- UP: (10, 10), (9, 10)
- UP: (8, 10), (8, 10)
- DOWN: (9, 10), (10, 10)
- DOWN: (11, 10), (11, 10)
- LEFT: (11, 9), (11, 8)
- LEFT: (11, 7), (11, 7)
- UP: (10, 7), (9, 7)
- LEFT: (10, 6), (9, 6)
- DOWN: (11, 6), (11, 6)
- RIGHT: (11, 7), (11, 8)
- RIGHT: (11, 9), (11, 9)
- RIGHT: (11, 10), (11, 11)
- UP: (10, 10), (10, 11)
- UP: (9, 10), (9, 11)
- UP: (8, 10), (8, 11)
- UP: (7, 10), (7, 11)
- RIGHT: (7, 12), (7, 12)
- RIGHT: (7, 13), (7, 14)
- RIGHT: (7, 15), (7, 15)
--> GOAL: (7, 15), (7, 15)
Time: 0.1204 s
Memory: 30.86 MB