BOARD:
=========================================================
[0, 0, 0, 0, 0, 0, 0, 0, 0, 0, 0, 0, 0, 0, 0, 0, 0, 0, 0]
[0, 0, 0, 0, 0, 0, 0, 0, 0, 0, 0, 0, 0, 0, 0, 0, 0, 0, 0]
[0, 0, 0, 1, 1, 1, 1, 1, 1, 1, 1, 1, 4, 1, 1, 1, 1, 0, 0]
[0, 0, 0, 0, 0, 0, 0, 1, 1, 0, 0, 0, 0, 0, 0, 1, 1, 0, 0]
[0, 0, 0, 0, 0, 0, 0, 1, 1, 0, 0, 0, 0, 0, 0, 1, 1, 0, 0]
[0, 0, 0, 0, 0, 0, 0, 0, 0, 0, 0, 0, 0, 0, 0, 1, 1, 0, 0]
[0, 0, 0, 0, 0, 0, 0, 0, 0, 0, 0, 0, 0, 0, 0, 1, 1, 0, 0]
[0, 0, 1, 1, 1, 0, 0, 1, 1, 0, 0, 1, 7, 1, 1, 1, 1, 0, 0]
[0, 0, 1, 2, 1, 0, 0, 1, 1, 0, 0, 0, 0, 0, 0, 0, 0, 0, 0]
[0, 0, 1, 1, 1, 0, 0, 1, 1, 0, 0, 0, 0, 0, 0, 0, 0, 0, 0]
[0, 0, 0, 1, 1, 0, 0, 1, 1, 0, 0, 0, 0, 0, 0, 0, 0, 0, 0]
[0, 0, 0, 1, 1, 1, 1, 1, 1, 1, 1, 1, 6, 1, 1, 1, 0, 0, 0]
[0, 0, 0, 0, 0, 0, 0, 0, 0, 0, 0, 0, 0, 0, 0, 0, 0, 0, 0]
[0, 0, 0, 0, 0, 0, 0, 0, 0, 0, 0, 0, 0, 0, 0, 0, 0, 0, 0]
=========================================================
- START: (2, 3), (2, 3)
- RIGHT: (2, 4), (2, 5)
- RIGHT: (2, 6), (2, 6)
- RIGHT: (2, 7), (2, 8)
- RIGHT: (2, 9), (2, 9)
- RIGHT: (2, 10), (2, 11)
- RIGHT: (2, 12), (2, 12)
- RIGHT: (2, 13), (2, 14)
- RIGHT: (2, 15), (2, 15)
- DOWN: (3, 15), (4, 15)
- RIGHT: (3, 16), (4, 16)
- UP: (2, 16), (2, 16)
- LEFT: (2, 15), (2, 14)
- LEFT: (2, 13), (2, 13)
- LEFT: (2, 12), (2, 11)
- LEFT: (2, 10), (2, 10)
- LEFT: (2, 9), (2, 8)
- LEFT: (2, 7), (2, 7)
- DOWN: (3, 7), (4, 7)
- RIGHT: (3, 8), (4, 8)
- UP: (2, 8), (2, 8)
- RIGHT: (2, 9), (2, 10)
- RIGHT: (2, 11), (2, 11)
- RIGHT: (2, 12), (2, 13)
- RIGHT: (2, 14), (2, 14)
- RIGHT: (2, 15), (2, 16)
- DOWN: (3, 15), (3, 16)
- DOWN: (4, 15), (4, 16)
- DOWN: (5, 15), (5, 16)
- DOWN: (6, 15), (6, 16)
- DOWN: (7, 15), (7, 16)
- LEFT: (7, 14), (7, 14)
- LEFT: (7, 13), (7, 12)
- LEFT: (7, 11), (7, 11)
- LEFT: (7, 10), (7, 9)
- LEFT: (7, 8), (7, 8)
- DOWN: (8, 8), (9, 8)
- LEFT: (8, 7), (9, 7)
- UP: (7, 7), (7, 7)
- RIGHT: (7, 8), (7, 9)
- RIGHT: (7, 10), (7, 10)
- RIGHT: (7, 11), (7, 12)
- RIGHT: (7, 13), (7, 13)
- RIGHT: (7, 14), (7, 15)
- RIGHT: (7, 16), (7, 16)
- UP: (6, 16), (5, 16)
- LEFT: (6, 15), (5, 15)
- DOWN: (7, 15), (7, 15)
- LEFT: (7, 14), (7, 13)
- LEFT: (7, 12), (7, 12)
- LEFT: (7, 11), (7, 10)
- LEFT: (7, 9), (7, 9)
- LEFT: (7, 8), (7, 7)
- DOWN: (8, 8), (8, 7)
- DOWN: (9, 8), (9, 7)
- DOWN: (10, 8), (10, 7)
- DOWN: (11, 8), (11, 7)
- RIGHT: (11, 9), (11, 9)
- RIGHT: (11, 10), (11, 11)
- RIGHT: (11, 12), (11, 12)
- LEFT: (11, 11), (11, 10)
- LEFT: (11, 9), (11, 9)
- LEFT: (11, 8), (11, 7)
- LEFT: (11, 6), (11, 6)
- LEFT: (11, 5), (11, 4)
- LEFT: (11, 3), (11, 3)
- UP: (10, 3), (9, 3)
- UP: (8, 3), (8, 3)
--> GOAL: (8, 3), (8, 3)
Time: 0.1164 s
Memory: 30.69 MB