BOARD:
======================================================
[0, 0, 0, 0, 0, 0, 0, 0, 0, 0, 0, 0, 0, 0, 0, 0, 0, 0]
[0, 0, 0, 0, 0, 0, 0, 0, 0, 0, 0, 0, 0, 0, 0, 0, 0, 0]
[0, 0, 1, 1, 1, 5, 1, 1, 1, 1, 5, 1, 1, 1, 1, 0, 0, 0]
[0, 0, 1, 1, 0, 0, 0, 0, 0, 0, 0, 0, 1, 1, 1, 0, 0, 0]
[0, 0, 1, 1, 0, 0, 0, 0, 0, 0, 0, 0, 0, 1, 1, 1, 0, 0]
[0, 0, 1, 1, 1, 0, 0, 0, 1, 1, 1, 0, 0, 1, 1, 1, 0, 0]
[0, 0, 1, 1, 1, 5, 5, 5, 1, 2, 1, 0, 0, 1, 1, 1, 0, 0]
[0, 0, 1, 1, 1, 0, 0, 5, 1, 1, 1, 0, 0, 1, 0, 0, 0, 0]
[0, 0, 0, 0, 1, 0, 0, 5, 5, 5, 5, 5, 1, 1, 0, 0, 0, 0]
[0, 0, 0, 0, 1, 1, 1, 5, 5, 1, 5, 5, 5, 0, 0, 0, 0, 0]
[0, 0, 0, 0, 0, 1, 1, 5, 5, 5, 5, 5, 5, 0, 0, 0, 0, 0]
[0, 0, 0, 0, 0, 1, 1, 1, 0, 0, 1, 1, 0, 0, 0, 0, 0, 0]
[0, 0, 0, 0, 0, 0, 0, 0, 0, 0, 0, 0, 0, 0, 0, 0, 0, 0]
[0, 0, 0, 0, 0, 0, 0, 0, 0, 0, 0, 0, 0, 0, 0, 0, 0, 0]
======================================================
- START: (5, 14), (5, 14)
- UP: (4, 14), (3, 14)
- UP: (2, 14), (2, 14)
- LEFT: (2, 13), (2, 12)
- DOWN: (3, 13), (3, 12)
- RIGHT: (3, 14), (3, 14)
- DOWN: (4, 14), (5, 14)
- RIGHT: (4, 15), (5, 15)
- DOWN: (6, 15), (6, 15)
- LEFT: (6, 14), (6, 13)
- UP: (5, 14), (5, 13)
- UP: (4, 14), (4, 13)
- UP: (3, 14), (3, 13)
- UP: (2, 14), (2, 13)
- LEFT: (2, 12), (2, 12)
- LEFT: (2, 11), (2, 10)
- LEFT: (2, 9), (2, 9)
- LEFT: (2, 8), (2, 7)
- LEFT: (2, 6), (2, 6)
- LEFT: (2, 5), (2, 4)
- LEFT: (2, 3), (2, 3)
- DOWN: (3, 3), (4, 3)
- DOWN: (5, 3), (5, 3)
- DOWN: (6, 3), (7, 3)
- RIGHT: (6, 4), (7, 4)
- UP: (5, 4), (5, 4)
- LEFT: (5, 3), (5, 2)
- DOWN: (6, 3), (6, 2)
- RIGHT: (6, 4), (6, 4)
- DOWN: (7, 4), (8, 4)
- DOWN: (9, 4), (9, 4)
- RIGHT: (9, 5), (9, 6)
- DOWN: (10, 5), (10, 6)
- DOWN: (11, 5), (11, 6)
- RIGHT: (11, 7), (11, 7)
- UP: (10, 7), (9, 7)
- RIGHT: (10, 8), (9, 8)
- RIGHT: (10, 9), (9, 9)
- RIGHT: (10, 10), (9, 10)
- RIGHT: (10, 11), (9, 11)
- RIGHT: (10, 12), (9, 12)
- UP: (8, 12), (8, 12)
- LEFT: (8, 11), (8, 10)
- DOWN: (9, 11), (9, 10)
- LEFT: (9, 9), (9, 9)
- UP: (8, 9), (7, 9)
- UP: (6, 9), (6, 9)
--> GOAL: (6, 9), (6, 9)
Time: 0.0634 s
Memory: 30.39 MB