BOARD:
=========================================================
[0, 0, 0, 0, 0, 0, 0, 0, 0, 0, 0, 0, 0, 0, 0, 0, 0, 0, 0]
[0, 0, 0, 0, 0, 0, 0, 0, 0, 0, 0, 0, 0, 0, 0, 0, 0, 0, 0]
[0, 0, 0, 0, 0, 1, 1, 1, 1, 1, 5, 5, 1, 1, 1, 1, 0, 0, 0]
[0, 0, 0, 0, 0, 1, 2, 1, 1, 0, 0, 0, 0, 0, 5, 1, 0, 0, 0]
[0, 0, 0, 0, 0, 1, 1, 1, 0, 0, 0, 0, 0, 0, 5, 1, 12, 0, 0]
[0, 0, 0, 0, 0, 0, 0, 0, 0, 5, 1, 1, 1, 1, 1, 1, 1, 0, 0]
[0, 0, 0, 0, 1, 0, 0, 0, 0, 5, 5, 0, 0, 0, 0, 0, 1, 0, 0]
[0, 0, 0, 10, 1, 5, 0, 0, 0, 5, 5, 0, 0, 0, 0, 0, 1, 0, 0]
[0, 0, 5, 5, 5, 5, 0, 0, 0, 1, 1, 0, 0, 0, 0, 1, 1, 0, 0]
[0, 0, 5, 5, 5, 1, 5, 1, 5, 5, 1, 5, 0, 0, 3, 1, 0, 0, 0]
[0, 0, 1, 5, 5, 5, 5, 5, 5, 5, 5, 5, 5, 5, 1, 0, 0, 0, 0]
[0, 0, 0, 5, 1, 5, 5, 5, 0, 0, 5, 5, 5, 5, 1, 0, 0, 0, 0]
[0, 0, 0, 0, 0, 0, 0, 0, 0, 0, 0, 0, 0, 0, 0, 0, 0, 0, 0]
[0, 0, 0, 0, 0, 0, 0, 0, 0, 0, 0, 0, 0, 0, 0, 0, 0, 0, 0]
=========================================================
- START: (6, 4), (6, 4)
- DOWN: (7, 4), (8, 4)
- RIGHT: (7, 5), (8, 5)
- DOWN: (9, 5), (9, 5)
- DOWN: (10, 5), (11, 5)
- RIGHT: (10, 6), (11, 6)
- RIGHT: (10, 7), (11, 7)
- UP: (9, 7), (9, 7)
- RIGHT: (9, 8), (9, 9)
- RIGHT: (9, 10), (9, 10)
- DOWN: (10, 10), (11, 10)
- RIGHT: (10, 11), (11, 11)
- RIGHT: (10, 12), (11, 12)
- RIGHT: (10, 13), (11, 13)
- RIGHT: (10, 14), (11, 14)
- UP: (9, 14), (9, 14)
- DOWN: (10, 14), (11, 14)
- LEFT: (10, 13), (11, 13)
- LEFT: (10, 12), (11, 12)
- LEFT: (10, 11), (11, 11)
- LEFT: (10, 10), (11, 10)
- UP: (9, 10), (9, 10)
- LEFT: (9, 9), (9, 8)
- LEFT: (9, 7), (9, 7)
- LEFT: (9, 6), (9, 5)
- DOWN: (10, 6), (10, 5)
- DOWN: (11, 6), (11, 5)
- LEFT: (11, 4), (11, 4)
- UP: (10, 4), (9, 4)
- RIGHT: (10, 5), (9, 5)
- RIGHT: (10, 6), (9, 6)
- RIGHT: (10, 7), (9, 7)
- RIGHT: (10, 8), (9, 8)
- RIGHT: (10, 9), (9, 9)
- UP: (8, 9), (8, 9)
- UP: (7, 9), (6, 9)
- RIGHT: (7, 10), (6, 10)
- UP: (5, 10), (5, 10)
- RIGHT: (5, 11), (5, 12)
- RIGHT: (5, 13), (5, 13)
- RIGHT: (5, 14), (5, 15)
- UP: (4, 14), (4, 15)
- RIGHT: (4, 16), (4, 16)
- DOWN: (5, 16), (6, 16)
- DOWN: (7, 16), (7, 16)
- DOWN: (8, 16), (9, 16)
- LEFT: (8, 15), (9, 15)
- LEFT: (8, 14), (9, 14)
- DOWN: (10, 14), (10, 14)
- LEFT: (10, 13), (10, 12)
- DOWN: (11, 13), (11, 12)
- RIGHT: (11, 14), (11, 14)
- UP: (10, 14), (9, 14)
- UP: (8, 14), (8, 14)
- RIGHT: (8, 15), (8, 16)
- DOWN: (9, 15), (9, 16)
- LEFT: (9, 14), (9, 14)
- DOWN: (10, 14), (11, 14)
- LEFT: (10, 13), (11, 13)
- LEFT: (10, 12), (11, 12)
- LEFT: (10, 11), (11, 11)
- LEFT: (10, 10), (11, 10)
- UP: (9, 10), (9, 10)
- LEFT: (9, 9), (9, 8)
- LEFT: (9, 7), (9, 7)
- DOWN: (10, 7), (11, 7)
- LEFT: (10, 6), (11, 6)
- LEFT: (10, 5), (11, 5)
- UP: (9, 5), (9, 5)
- LEFT: (9, 4), (9, 3)
- DOWN: (10, 4), (10, 3)
- LEFT: (10, 2), (10, 2)
- UP: (9, 2), (8, 2)
- RIGHT: (9, 3), (8, 3)
- UP: (7, 3), (7, 3)
- DOWN: (8, 3), (9, 3)
- LEFT: (8, 2), (9, 2)
- DOWN: (10, 2), (10, 2)
- RIGHT: (10, 3), (10, 4)
- UP: (9, 3), (9, 4)
- RIGHT: (9, 5), (9, 5)
- DOWN: (10, 5), (11, 5)
- RIGHT: (10, 6), (11, 6)
- RIGHT: (10, 7), (11, 7)
- UP: (9, 7), (9, 7)
- LEFT: (9, 6), (9, 5)
- DOWN: (10, 6), (10, 5)
- DOWN: (11, 6), (11, 5)
- LEFT: (11, 4), (11, 4)
- UP: (10, 4), (9, 4)
- RIGHT: (10, 5), (9, 5)
- RIGHT: (10, 6), (9, 6)
- RIGHT: (10, 7), (9, 7)
- RIGHT: (10, 8), (9, 8)
- RIGHT: (10, 9), (9, 9)
- RIGHT: (10, 10), (9, 10)
- RIGHT: (10, 11), (9, 11)
- UP: (8, 11), (8, 11)
- LEFT: (8, 10), (8, 9)
- UP: (7, 10), (7, 9)
- UP: (6, 10), (6, 9)
- UP: (5, 10), (5, 9)
- RIGHT: (5, 11), (5, 11)
- RIGHT: (5, 12), (5, 13)
- RIGHT: (5, 14), (5, 14)
- UP: (4, 14), (3, 14)
- RIGHT: (4, 15), (3, 15)
- UP: (2, 15), (2, 15)
- LEFT: (2, 14), (2, 13)
- LEFT: (2, 12), (2, 12)
- LEFT: (2, 11), (2, 10)
- LEFT: (2, 9), (2, 9)
- LEFT: (2, 8), (2, 7)
- DOWN: (3, 8), (3, 7)
- LEFT: (3, 6), (3, 6)
--> GOAL: (3, 6), (3, 6)
Time: 0.3495 s
Memory: 32.29 MB