BOARD:
=========================================================
[0, 0, 0, 0, 0, 0, 0, 0, 0, 0, 0, 0, 0, 0, 0, 0, 0, 0, 0]
[0, 0, 0, 0, 0, 0, 0, 0, 0, 0, 0, 0, 0, 0, 0, 0, 0, 0, 0]
[0, 0, 0, 1, 1, 1, 1, 1, 1, 0, 0, 0, 0, 0, 0, 0, 0, 0, 0]
[0, 0, 0, 1, 1, 0, 0, 1, 1, 1, 0, 0, 0, 0, 0, 0, 0, 0, 0]
[0, 0, 5, 5, 1, 0, 0, 1, 1, 1, 1, 0, 0, 0, 0, 0, 0, 0, 0]
[0, 0, 5, 5, 0, 0, 0, 0, 0, 1, 1, 1, 0, 0, 0, 0, 0, 0, 0]
[0, 0, 5, 5, 0, 0, 0, 0, 0, 0, 1, 1, 1, 0, 0, 0, 0, 0, 0]
[0, 0, 5, 1, 1, 1, 0, 0, 0, 0, 0, 1, 1, 8, 0, 0, 0, 0, 0]
[0, 0, 0, 1, 2, 1, 0, 0, 0, 0, 0, 0, 1, 1, 1, 1, 1, 0, 0]
[0, 0, 0, 1, 1, 1, 1, 1, 1, 0, 0, 0, 1, 7, 1, 1, 1, 0, 0]
[0, 0, 0, 0, 1, 0, 0, 1, 1, 0, 0, 0, 1, 1, 1, 0, 0, 0, 0]
[0, 0, 0, 0, 1, 0, 0, 1, 1, 1, 1, 1, 1, 1, 1, 0, 0, 0, 0]
[0, 0, 0, 0, 0, 0, 0, 0, 0, 0, 0, 0, 0, 0, 0, 0, 0, 0, 0]
[0, 0, 0, 0, 0, 0, 0, 0, 0, 0, 0, 0, 0, 0, 0, 0, 0, 0, 0]
=========================================================
- START: (4, 4), (4, 4)
- LEFT: (4, 3), (4, 2)
- DOWN: (5, 3), (5, 2)
- DOWN: (6, 3), (6, 2)
- DOWN: (7, 3), (7, 2)
- RIGHT: (7, 4), (7, 4)
- DOWN: (8, 4), (9, 4)
- LEFT: (8, 3), (9, 3)
- UP: (7, 3), (7, 3)
- RIGHT: (7, 4), (7, 5)
- DOWN: (8, 4), (8, 5)
- DOWN: (9, 4), (9, 5)
- RIGHT: (9, 6), (9, 6)
- RIGHT: (9, 7), (9, 8)
- DOWN: (10, 7), (10, 8)
- DOWN: (11, 7), (11, 8)
- RIGHT: (11, 9), (11, 9)
- RIGHT: (11, 10), (11, 11)
- RIGHT: (11, 12), (11, 12)
- UP: (10, 12), (9, 12)
- UP: (8, 12), (8, 12)
- UP: (7, 12), (6, 12)
- LEFT: (7, 11), (6, 11)
- UP: (5, 11), (5, 11)
- LEFT: (5, 10), (5, 9)
- UP: (4, 10), (4, 9)
- LEFT: (4, 8), (4, 8)
- UP: (3, 8), (2, 8)
- LEFT: (3, 7), (2, 7)
- DOWN: (4, 7), (4, 7)
- RIGHT: (4, 8), (4, 9)
- RIGHT: (4, 10), (4, 10)
- DOWN: (5, 10), (6, 10)
- RIGHT: (5, 11), (6, 11)
- DOWN: (7, 11), (7, 11)
- RIGHT: (7, 12), (7, 13)
- DOWN: (8, 12), (8, 13)
- RIGHT: (8, 14), (8, 14)
- RIGHT: (8, 15), (8, 16)
- DOWN: (9, 15), (9, 16)
- LEFT: (9, 14), (9, 14)
- DOWN: (10, 14), (11, 14)
- LEFT: (10, 13), (11, 13)
- LEFT: (10, 12), (11, 12)
- UP: (9, 12), (9, 12)
- UP: (8, 12), (7, 12)
- UP: (6, 12), (6, 12)
- LEFT: (6, 11), (6, 10)
- UP: (5, 11), (5, 10)
- LEFT: (5, 9), (5, 9)
- UP: (4, 9), (3, 9)
- LEFT: (4, 8), (3, 8)
- LEFT: (4, 7), (3, 7)
- UP: (2, 7), (2, 7)
- LEFT: (2, 6), (2, 5)
- LEFT: (2, 4), (2, 4)
- DOWN: (3, 4), (4, 4)
- LEFT: (3, 3), (4, 3)
- UP: (2, 3), (2, 3)
- RIGHT: (2, 4), (2, 5)
- RIGHT: (2, 6), (2, 6)
- RIGHT: (2, 7), (2, 8)
- DOWN: (3, 7), (3, 8)
- RIGHT: (3, 9), (3, 9)
- DOWN: (4, 9), (5, 9)
- RIGHT: (4, 10), (5, 10)
- DOWN: (6, 10), (6, 10)
- RIGHT: (6, 11), (6, 12)
- DOWN: (7, 11), (7, 12)
- RIGHT: (11, 14), (8, 16)
- CUBE 1 LEFT: (11, 13), (8, 16)
- CUBE 1 LEFT: (11, 12), (8, 16)
- CUBE 1 LEFT: (11, 11), (8, 16)
- CUBE 1 LEFT: (11, 10), (8, 16)
- CUBE 1 LEFT: (11, 9), (8, 16)
- CUBE 1 LEFT: (11, 8), (8, 16)
- CUBE 1 UP: (10, 8), (8, 16)
- CUBE 1 UP: (9, 8), (8, 16)
- CUBE 1 LEFT: (9, 7), (8, 16)
- CUBE 1 LEFT: (9, 6), (8, 16)
- CUBE 1 LEFT: (9, 5), (8, 16)
- CUBE 1 LEFT: (9, 4), (8, 16)
- CUBE 1 DOWN: (10, 4), (8, 16)
- CUBE 2 DOWN: (10, 4), (9, 16)
- CUBE 2 LEFT: (10, 4), (9, 15)
- CUBE 2 LEFT: (10, 4), (9, 14)
- CUBE 2 DOWN: (10, 4), (10, 14)
- CUBE 2 DOWN: (10, 4), (11, 14)
- CUBE 2 LEFT: (10, 4), (11, 13)
- CUBE 2 LEFT: (10, 4), (11, 12)
- CUBE 2 LEFT: (10, 4), (11, 11)
- CUBE 2 LEFT: (10, 4), (11, 10)
- CUBE 2 LEFT: (10, 4), (11, 9)
- CUBE 2 LEFT: (10, 4), (11, 8)
- CUBE 2 UP: (10, 4), (10, 8)
- CUBE 2 UP: (10, 4), (9, 8)
- CUBE 2 LEFT: (10, 4), (9, 7)
- CUBE 2 LEFT: (10, 4), (9, 6)
- CUBE 2 LEFT: (10, 4), (9, 5)
- CUBE 2 LEFT: (10, 4), (9, 4)
- UP: (8, 4), (8, 4)
--> GOAL: (8, 4), (8, 4)
Time: 20.623 s
Memory: 45.18 MB