BOARD:
=========================================================
[0, 0, 0, 0, 0, 0, 0, 0, 0, 0, 0, 0, 0, 0, 0, 0, 0, 0, 0]
[0, 0, 0, 0, 0, 0, 0, 0, 0, 0, 0, 0, 0, 0, 0, 0, 0, 0, 0]
[0, 0, 0, 0, 0, 0, 0, 0, 0, 0, 0, 0, 0, 1, 1, 1, 1, 0, 0]
[0, 0, 0, 1, 1, 1, 1, 1, 1, 1, 4, 1, 1, 1, 1, 1, 1, 0, 0]
[0, 0, 0, 1, 1, 1, 1, 0, 0, 0, 0, 0, 0, 0, 1, 1, 1, 0, 0]
[0, 0, 0, 1, 1, 6, 1, 0, 0, 0, 0, 0, 0, 0, 0, 0, 0, 0, 0]
[0, 0, 0, 1, 1, 1, 1, 0, 0, 0, 0, 0, 0, 0, 0, 0, 0, 0, 0]
[0, 0, 0, 0, 0, 1, 1, 1, 7, 1, 1, 1, 1, 1, 1, 0, 0, 0, 0]
[0, 0, 0, 0, 0, 0, 0, 0, 0, 0, 0, 0, 1, 1, 1, 1, 4, 0, 0]
[0, 0, 1, 1, 1, 0, 0, 0, 0, 0, 0, 0, 1, 1, 1, 1, 1, 0, 0]
[0, 0, 1, 2, 1, 1, 1, 1, 1, 1, 1, 1, 1, 1, 1, 0, 0, 0, 0]
[0, 0, 1, 1, 1, 1, 0, 0, 0, 0, 0, 0, 0, 0, 0, 0, 0, 0, 0]
[0, 0, 0, 0, 0, 0, 0, 0, 0, 0, 0, 0, 0, 0, 0, 0, 0, 0, 0]
[0, 0, 0, 0, 0, 0, 0, 0, 0, 0, 0, 0, 0, 0, 0, 0, 0, 0, 0]
=========================================================
- START: (3, 15), (3, 15)
- LEFT: (3, 14), (3, 13)
- LEFT: (3, 12), (3, 12)
- LEFT: (3, 11), (3, 10)
- RIGHT: (3, 12), (3, 12)
- LEFT: (3, 11), (3, 10)
- LEFT: (3, 9), (3, 9)
- LEFT: (3, 8), (3, 7)
- LEFT: (3, 6), (3, 6)
- LEFT: (3, 5), (3, 4)
- DOWN: (4, 5), (4, 4)
- RIGHT: (4, 6), (4, 6)
- DOWN: (5, 6), (6, 6)
- DOWN: (7, 6), (7, 6)
- RIGHT: (7, 7), (7, 8)
- RIGHT: (7, 9), (7, 9)
- RIGHT: (7, 10), (7, 11)
- RIGHT: (7, 12), (7, 12)
- DOWN: (8, 12), (9, 12)
- RIGHT: (8, 13), (9, 13)
- RIGHT: (8, 14), (9, 14)
- RIGHT: (8, 15), (9, 15)
- RIGHT: (8, 16), (9, 16)
- LEFT: (8, 15), (9, 15)
- LEFT: (8, 14), (9, 14)
- LEFT: (8, 13), (9, 13)
- LEFT: (8, 12), (9, 12)
- DOWN: (10, 12), (10, 12)
- LEFT: (10, 11), (10, 10)
- LEFT: (10, 9), (10, 9)
- LEFT: (10, 8), (10, 7)
- LEFT: (10, 6), (10, 6)
- LEFT: (10, 5), (10, 4)
- LEFT: (10, 3), (10, 3)
--> GOAL: (10, 3), (10, 3)
Time: 0.1695 s
Memory: 31.16 MB